Frame,Sequential,Parallel,Distributive
0,10,0,0
1,20,0,0
2,30,0,0
3,40,0,0
4,50,0,0
5,60,0,0
6,70,0,0
7,80,0,0
8,90,0,0
9,100,0,0
10,110,0,0
11,120,0,0
12,130,0,0
13,140,0,0
14,150,0,0
15,160,0,0
16,170,0,0
17,180,0,0
18,190,0,0
19,200,0,0
20,210,0,0
21,220,0,0
22,230,0,0
23,240,0,0
24,250,0,0
25,260,0,0
26,270,0,0
27,280,0,0
28,290,0,0
29,300,0,0
30,310,0,0
31,320,0,0
32,330,0,0
33,340,0,0
34,350,0,0
35,360,0,0
36,370,0,0
37,380,0,0
38,390,0,0
39,400,0,0
40,410,0,0
41,420,0,0
42,430,0,0
43,440,0,0
44,450,0,0
45,460,0,0
46,470,0,0
47,480,0,0
48,490,0,0
49,500,0,0
50,510,0,0
51,520,0,0
52,530,0,0
53,540,0,0
54,550,0,0
55,560,0,0
56,570,0,0
57,580,0,0
58,590,0,0
59,600,0,0
60,610,0,0
61,620,0,0
62,630,0,0
63,640,0,0
64,650,0,0
65,660,0,0
66,670,0,0
67,680,0,0
68,690,0,0
69,700,0,0
70,710,0,0
71,720,0,0
72,730,0,0
73,740,0,0
74,750,0,0
75,760,0,0
76,770,0,0
77,780,0,0
78,790,0,0
79,790,0,0
80,790,0,0
81,790,0,0
82,790,0,0
83,790,0,0
84,790,0,0
85,790,0,0
86,790,0,0
87,790,0,0
88,790,0,0
89,790,0,0
90,790,0,0
91,790,0,0
92,790,0,0
93,790,0,0
94,790,0,0
95,790,0,0
96,790,0,0
97,790,0,0
98,790,0,0
99,790,0,0
100,790,0,0
101,790,0,0
102,790,0,0
103,790,0,0
104,790,0,0
105,790,0,0
106,790,0,0
107,790,0,0
108,790,0,0
109,790,0,0
110,790,0,0
111,790,0,0
112,790,0,0
113,790,0,0
114,790,0,0
115,790,0,0
116,790,0,0
117,790,0,0
118,790,0,0
119,790,0,0
120,790,0,0
121,790,0,0
122,790,0,0
123,790,0,0
124,790,0,0
125,790,0,0
126,790,0,0
127,790,0,0
128,790,0,0
129,790,0,0
130,790,0,0
131,790,0,0
132,790,0,0
133,790,0,0
134,790,0,0
135,790,0,0
136,790,0,0
137,790,0,0
138,790,0,0
139,790,0,0
140,790,0,0
141,790,0,0
142,790,0,0
143,790,0,0
144,790,0,0
145,790,0,0
146,790,0,0
147,790,0,0
148,790,0,0
149,790,0,0
150,790,0,0
151,790,0,0
152,790,0,0
153,790,0,0
154,790,0,0
155,790,0,0
156,790,0,0
157,790,0,0
158,790,0,0
159,790,0,0
160,790,0,0
161,790,0,0
162,790,0,0
163,790,0,0
164,790,0,0
165,790,0,0
166,790,0,0
167,790,0,0
168,790,0,0
169,790,0,0
170,790,0,0
171,790,0,0
172,790,0,0
173,790,0,0
174,790,0,0
175,790,0,0
176,790,0,0
177,790,0,0
178,790,0,0
179,790,0,0
180,790,0,0
181,790,0,0
182,790,0,0
183,790,0,0
184,790,0,0
185,790,0,0
186,790,0,0
187,790,0,0
188,790,0,0
189,790,0,0
190,790,0,0
191,790,0,0
192,790,0,0
193,790,0,0
194,790,0,0
195,790,0,0
196,790,0,0
197,790,0,0
198,790,0,0
199,790,0,0
200,790,0,0
201,790,0,0
202,790,0,0
203,790,0,0
204,790,0,0
205,790,0,0
206,790,0,0
207,790,0,0
208,790,0,0
209,790,0,0
210,790,0,0
211,790,0,0
212,790,0,0
213,790,0,0
214,790,0,0
215,790,0,0
216,790,0,0
217,790,0,0
218,790,0,0
219,790,0,0
220,790,0,0
221,790,0,0
222,790,0,0
223,790,0,0
224,790,0,0
225,790,0,0
226,790,0,0
227,790,0,0
228,790,0,0
229,790,0,0
230,790,0,0
231,790,0,0
232,790,0,0
233,790,0,0
234,790,0,0
235,790,0,0
236,790,0,0
237,790,0,0
238,790,0,0
239,790,0,0
240,790,0,0
241,790,0,0
242,790,0,0
243,790,0,0
244,790,0,0
245,790,0,0
246,790,0,0
247,790,0,0
248,790,0,0
249,790,0,0
250,790,0,0
251,790,0,0
252,790,0,0
253,790,0,0
254,790,0,0
255,790,0,0
256,790,0,0
257,790,0,0
258,790,0,0
259,790,0,0
260,790,0,0
261,790,0,0
262,790,0,0
263,790,0,0
264,790,0,0
265,790,0,0
266,790,0,0
267,790,0,0
268,790,0,0
269,790,0,0
270,790,0,0
271,790,0,0
272,790,0,0
273,790,0,0
274,790,0,0
275,790,0,0
276,790,0,0
277,790,0,0
278,790,0,0
279,790,0,0
280,790,0,0
281,790,0,0
282,790,0,0
283,790,0,0
284,790,0,0
285,790,0,0
286,790,0,0
287,790,0,0
288,790,0,0
289,790,0,0
290,790,0,0
291,790,0,0
292,790,0,0
293,790,0,0
294,790,0,0
295,790,0,0
296,790,0,0
297,790,0,0
298,790,0,0
299,790,0,0
300,790,0,0
301,790,0,0
302,790,0,0
303,790,0,0
304,790,0,0
305,790,0,0
306,790,0,0
307,790,0,0
308,790,0,0
309,790,0,0
310,790,0,0
311,790,0,0
312,790,0,0
313,790,0,0
314,790,0,0
315,790,0,0
316,790,0,0
317,790,0,0
318,790,0,0
319,790,0,0
320,790,0,0
321,790,0,0
322,790,0,0
323,790,0,0
324,790,0,0
325,790,0,0
326,790,0,0
327,790,0,0
328,790,0,0
329,790,0,0
330,790,0,0
331,790,0,0
332,790,0,0
333,790,0,0
334,790,0,0
335,790,0,0
336,790,0,0
337,790,0,0
338,790,0,0
339,790,0,0
340,790,0,0
341,790,0,0
342,790,0,0
343,790,0,0
344,790,0,0
345,790,0,0
346,790,0,0
347,790,0,0
348,790,0,0
349,790,0,0
350,790,0,0
351,790,0,0
352,790,0,0
353,790,0,0
354,790,0,0
355,790,0,0
356,790,0,0
357,790,0,0
358,790,0,0
359,790,0,0
360,790,0,0
361,790,0,0
362,790,0,0
363,790,0,0
364,790,0,0
365,790,0,0
366,790,0,0
367,790,0,0
368,790,0,0
369,790,0,0
370,790,0,0
371,790,0,0
372,790,0,0
373,790,0,0
374,790,0,0
375,790,0,0
376,790,0,0
377,790,0,0
378,790,0,0
379,790,0,0
380,790,0,0
381,790,0,0
382,790,0,0
383,790,0,0
384,790,0,0
385,790,0,0
386,790,0,0
387,790,0,0
388,790,0,0
389,790,0,0
390,790,0,0
391,790,0,0
392,790,0,0
393,790,0,0
394,790,0,0
395,790,0,0
396,790,0,0
397,790,0,0
398,790,0,0
399,790,0,0
400,790,0,0
401,790,0,0
402,790,0,0
403,790,0,0
404,790,0,0
405,790,0,0
406,790,0,0
407,790,0,0
408,790,0,0
409,790,0,0
410,790,0,0
411,790,0,0
412,790,0,0
413,790,0,0
414,790,0,0
415,790,0,0
416,790,0,0
417,790,0,0
418,790,0,0
419,790,0,0
420,790,0,0
421,790,0,0
422,790,0,0
423,790,0,0
424,790,0,0
425,790,0,0
426,790,0,0
427,790,0,0
428,790,0,0
429,790,0,0
430,790,0,0
431,790,0,0
432,790,0,0
433,790,0,0
434,790,0,0
435,790,0,0
436,790,0,0
437,790,0,0
438,790,0,0
439,790,0,0
440,790,0,0
441,790,0,0
442,790,0,0
443,790,0,0
444,790,0,0
445,790,0,0
446,790,0,0
447,790,0,0
448,790,0,0
449,790,0,0
450,790,0,0
451,790,0,0
452,790,0,0
453,790,0,0
454,790,0,0
455,790,0,0
456,790,0,0
457,790,0,0
458,790,0,0
459,790,0,0
460,790,0,0
461,790,0,0
462,790,0,0
463,790,0,0
464,790,0,0
465,790,0,0
466,790,0,0
467,790,0,0
468,790,0,0
469,790,0,0
470,790,0,0
471,790,0,0
472,790,0,0
473,790,0,0
474,790,0,0
475,790,0,0
476,790,0,0
477,790,0,0
478,790,0,0
479,790,0,0
480,790,0,0
481,790,0,0
482,790,0,0
483,790,0,0
484,790,0,0
485,790,0,0
486,790,0,0
487,790,0,0
488,790,0,0
489,790,0,0
490,790,0,0
491,790,0,0
492,790,0,0
493,790,0,0
494,790,0,0
495,790,0,0
496,790,0,0
497,790,0,0
498,790,0,0
499,790,0,0
500,790,0,0
501,790,0,0
502,790,0,0
503,790,0,0
504,790,0,0
505,790,0,0
506,790,0,0
507,790,0,0
508,790,0,0
509,790,0,0
510,790,0,0
511,790,0,0
512,790,0,0
513,790,0,0
514,790,0,0
515,790,0,0
516,790,0,0
517,790,0,0
518,790,0,0
519,790,0,0
520,790,0,0
521,790,0,0
522,790,0,0
523,790,0,0
524,790,0,0
525,790,0,0
526,790,0,0
527,790,0,0
528,790,0,0
529,790,0,0
530,790,0,0
531,790,0,0
532,790,0,0
533,790,0,0
534,790,0,0
535,790,0,0
536,790,0,0
537,790,0,0
538,790,0,0
539,790,0,0
540,790,0,0
541,790,0,0
542,790,0,0
543,790,0,0
544,790,0,0
545,790,0,0
546,790,0,0
547,790,0,0
548,790,0,0
549,790,0,0
550,790,0,0
551,790,0,0
552,790,0,0
553,790,0,0
554,790,0,0
555,790,0,0
556,790,0,0
557,790,0,0
558,790,0,0
559,790,0,0
560,790,0,0
561,790,0,0
562,790,0,0
563,790,0,0
564,790,0,0
565,790,0,0
566,790,0,0
567,790,0,0
568,790,0,0
569,790,0,0
570,790,0,0
571,790,0,0
572,790,0,0
573,790,0,0
574,790,0,0
575,790,0,0
576,790,0,0
577,790,0,0
578,790,0,0
579,790,0,0
580,790,0,0
581,790,0,0
582,790,0,0
583,790,0,0
584,790,0,0
585,790,0,0
586,790,0,0
587,790,0,0
588,790,0,0
589,790,0,0
590,790,0,0
591,790,0,0
592,790,0,0
593,790,0,0
594,790,0,0
595,790,0,0
596,790,0,0
597,790,0,0
598,790,0,0
599,790,0,0
600,790,0,0
601,790,0,0
602,790,0,0
603,790,0,0
604,790,0,0
605,790,0,0
606,790,0,0
607,790,0,0
608,790,0,0
609,790,0,0
610,790,0,0
611,790,0,0
612,790,0,0
613,790,0,0
614,790,0,0
615,790,0,0
616,790,0,0
617,790,0,0
618,790,0,0
619,790,0,0
620,790,0,0
621,790,0,0
622,790,0,0
623,790,0,0
624,790,0,0
625,790,0,0
626,790,0,0
627,790,0,0
628,790,0,0
629,790,0,0
630,790,0,0
631,790,0,0
632,790,0,0
633,790,0,0
634,790,0,0
635,790,0,0
636,790,0,0
637,790,0,0
638,790,0,0
639,790,0,0
640,790,0,0
641,790,0,0
642,790,0,0
643,790,0,0
644,790,0,0
645,790,0,0
646,790,0,0
647,790,0,0
648,790,0,0
649,790,0,0
650,790,0,0
651,790,0,0
652,790,0,0
653,790,0,0
654,790,0,0
655,790,0,0
656,790,0,0
657,790,0,0
658,790,0,0
659,790,0,0
660,790,0,0
661,790,0,0
662,790,0,0
663,790,0,0
664,790,0,0
665,790,0,0
666,790,0,0
667,790,0,0
668,790,0,0
669,790,0,0
670,790,0,0
671,790,0,0
672,790,0,0
673,790,0,0
674,790,0,0
675,790,0,0
676,790,0,0
677,790,0,0
678,790,0,0
679,790,0,0
680,790,0,0
681,790,0,0
682,790,0,0
683,790,0,0
684,790,0,0
685,790,0,0
686,790,0,0
687,790,0,0
688,790,0,0
689,790,0,0
690,790,0,0
691,790,0,0
692,790,0,0
693,790,0,0
694,790,0,0
695,790,0,0
696,790,0,0
697,790,0,0
698,790,0,0
699,790,0,0
700,790,0,0
701,790,0,0
702,790,0,0
703,790,0,0
704,790,0,0
705,790,0,0
706,790,0,0
707,790,0,0
708,790,0,0
709,790,0,0
710,790,0,0
711,790,0,0
712,790,0,0
713,790,0,0
714,790,0,0
715,790,0,0
716,790,0,0
717,790,0,0
718,790,0,0
719,790,0,0
720,790,0,0
721,790,0,0
722,790,0,0
723,790,0,0
724,790,0,0
725,790,0,0
726,790,0,0
727,790,0,0
728,790,0,0
729,790,0,0
730,790,0,0
731,790,0,0
732,790,0,0
733,790,0,0
734,790,0,0
735,790,0,0
736,790,0,0
737,790,0,0
738,790,0,0
739,790,0,0
740,790,0,0
741,790,0,0
742,790,0,0
743,790,0,0
744,790,0,0
745,790,0,0
746,790,0,0
747,790,0,0
748,790,0,0
749,790,0,0
750,790,0,0
751,790,0,0
752,790,0,0
753,790,0,0
754,790,0,0
755,790,0,0
756,790,0,0
757,790,0,0
758,790,0,0
759,790,0,0
760,790,0,0
761,790,0,0
762,790,0,0
763,790,0,0
764,790,0,0
765,790,0,0
766,790,0,0
767,790,0,0
768,790,0,0
769,790,0,0
770,790,0,0
771,790,0,0
772,790,0,0
773,790,0,0
774,790,0,0
775,790,0,0
776,790,0,0
777,790,0,0
778,790,0,0
779,790,0,0
780,790,0,0
781,790,0,0
782,790,0,0
783,790,0,0
784,790,0,0
785,790,0,0
786,790,0,0
787,790,0,0
788,790,0,0
789,790,0,0
790,790,0,0
791,790,0,0
792,790,0,0
793,790,0,0
794,790,0,0
795,790,0,0
796,790,0,0
797,790,0,0
798,790,0,0
799,790,0,0
800,790,0,0
801,790,0,0
802,790,0,0
803,790,0,0
804,790,0,0
805,790,0,0
806,790,0,0
807,790,0,0
808,790,0,0
809,790,0,0
810,790,0,0
811,790,0,0
812,790,0,0
813,790,0,0
814,790,0,0
815,790,0,0
816,790,0,0
817,790,0,0
818,790,0,0
819,790,0,0
820,790,0,0
821,790,0,0
822,790,0,0
823,790,0,0
824,790,0,0
825,790,0,0
826,790,0,0
827,790,0,0
828,790,0,0
829,790,0,0
830,790,0,0
831,790,0,0
832,790,0,0
833,790,0,0
834,790,0,0
835,790,0,0
836,790,0,0
837,790,0,0
838,790,0,0
839,790,0,0
840,790,0,0
841,790,0,0
842,790,0,0
843,790,0,0
844,790,0,0
845,790,0,0
846,790,0,0
847,790,0,0
848,790,0,0
849,790,0,0
850,790,0,0
851,790,0,0
852,790,0,0
853,790,0,0
854,790,0,0
855,790,0,0
856,790,0,0
857,790,0,0
858,790,0,0
859,790,0,0
860,790,0,0
861,790,0,0
862,790,0,0
863,790,0,0
864,790,0,0
865,790,0,0
866,790,0,0
867,790,0,0
868,790,0,0
869,790,0,0
870,790,0,0
871,790,0,0
872,790,0,0
873,790,0,0
874,790,0,0
875,790,0,0
876,790,0,0
877,790,0,0
878,790,0,0
879,790,0,0
880,790,0,0
881,790,0,0
882,790,0,0
883,790,0,0
884,790,0,0
885,790,0,0
886,790,0,0
887,790,0,0
888,790,0,0
889,790,0,0
890,790,0,0
891,790,0,0
892,790,0,0
893,790,0,0
894,790,0,0
895,790,0,0
896,790,0,0
897,790,0,0
898,790,0,0
899,790,0,0
900,790,0,0
901,790,0,0
902,790,0,0
903,790,0,0
904,790,0,0
905,790,0,0
906,790,0,0
907,790,0,0
908,790,0,0
909,790,0,0
910,790,0,0
911,790,0,0
912,790,0,0
913,790,0,0
914,790,0,0
915,790,0,0
916,790,0,0
917,790,0,0
918,790,0,0
919,790,0,0
920,790,0,0
921,790,0,0
922,790,0,0
923,790,0,0
924,790,0,0
925,790,0,0
926,790,0,0
927,790,0,0
928,790,0,0
929,790,0,0
930,790,0,0
931,790,0,0
932,790,0,0
933,790,0,0
934,790,0,0
935,790,0,0
936,790,0,0
937,790,0,0
938,790,0,0
939,790,0,0
940,790,0,0
941,790,0,0
942,790,0,0
943,790,0,0
944,790,0,0
945,790,0,0
946,790,0,0
947,790,0,0
948,790,0,0
949,790,0,0
950,790,0,0
951,790,0,0
952,790,0,0
953,790,0,0
954,790,0,0
955,790,0,0
956,790,0,0
957,790,0,0
958,790,0,0
959,790,0,0
960,790,0,0
961,790,0,0
962,790,0,0
963,790,0,0
964,790,0,0
965,790,0,0
966,790,0,0
967,790,0,0
968,790,0,0
969,790,0,0
970,790,0,0
971,790,0,0
972,790,0,0
973,790,0,0
974,790,0,0
975,790,0,0
976,790,0,0
977,790,0,0
978,790,0,0
979,790,0,0
980,790,0,0
981,790,0,0
982,790,0,0
983,790,0,0
984,790,0,0
985,790,0,0
986,790,0,0
987,790,0,0
988,790,0,0
989,790,0,0
990,790,0,0
991,790,0,0
992,790,0,0
993,790,0,0
994,790,0,0
995,790,0,0
996,790,0,0
997,790,0,0
998,790,0,0
999,790,0,0
1000,790,0,0
1001,790,0,0
1002,790,0,0
1003,790,0,0
1004,790,0,0
1005,790,0,0
1006,790,0,0
1007,790,0,0
1008,790,0,0
1009,790,0,0
1010,790,0,0
1011,790,0,0
1012,790,0,0
1013,790,0,0
1014,790,0,0
1015,790,0,0
1016,790,0,0
1017,790,0,0
1018,790,0,0
1019,790,0,0
1020,790,0,0
1021,790,0,0
1022,790,0,0
1023,790,0,0
1024,790,0,0
1025,790,0,0
1026,790,0,0
1027,790,0,0
1028,790,0,0
1029,790,0,0
1030,790,0,0
1031,790,0,0
1032,790,0,0
1033,790,0,0
1034,790,0,0
1035,790,0,0
1036,790,0,0
1037,790,0,0
1038,790,0,0
1039,790,0,0
1040,790,0,0
1041,790,0,0
1042,790,0,0
1043,790,0,0
1044,790,0,0
1045,790,0,0
1046,790,0,0
1047,790,0,0
1048,790,0,0
1049,790,0,0
1050,790,0,0
1051,790,0,0
1052,790,0,0
1053,790,0,0
1054,790,0,0
1055,790,0,0
1056,790,0,0
1057,790,0,0
1058,790,0,0
1059,790,0,0
1060,790,0,0
1061,790,0,0
1062,790,0,0
1063,790,0,0
1064,790,0,0
1065,790,0,0
1066,790,0,0
1067,790,0,0
1068,790,0,0
1069,790,0,0
1070,790,0,0
1071,790,0,0
1072,790,0,0
1073,790,0,0
1074,790,0,0
1075,790,0,0
1076,790,0,0
1077,790,0,0
1078,790,0,0
1079,790,0,0
1080,790,0,0
1081,790,0,0
1082,790,0,0
1083,790,0,0
1084,790,0,0
1085,790,0,0
1086,790,0,0
1087,790,0,0
1088,790,0,0
1089,790,0,0
1090,790,0,0
1091,790,0,0
1092,790,0,0
1093,790,0,0
1094,790,0,0
1095,790,0,0
1096,790,0,0
1097,790,0,0
1098,790,0,0
1099,790,0,0
1100,790,0,0
1101,790,0,0
1102,790,0,0
1103,790,0,0
1104,790,0,0
1105,790,0,0
1106,790,0,0
1107,790,0,0
1108,790,0,0
1109,790,0,0
1110,790,0,0
1111,790,0,0
1112,790,0,0
1113,790,0,0
1114,790,0,0
1115,790,0,0
1116,790,0,0
1117,790,0,0
1118,790,0,0
1119,790,0,0
1120,790,0,0
1121,790,0,0
1122,790,0,0
1123,790,0,0
1124,790,0,0
1125,790,0,0
1126,790,0,0
1127,790,0,0
1128,790,0,0
1129,790,0,0
1130,790,0,0
1131,790,0,0
1132,790,0,0
1133,790,0,0
1134,790,0,0
1135,790,0,0
1136,790,0,0
1137,790,0,0
1138,790,0,0
1139,790,0,0
1140,790,0,0
1141,790,0,0
1142,790,0,0
1143,790,0,0
1144,790,0,0
1145,790,0,0
1146,790,0,0
1147,790,0,0
1148,790,0,0
1149,790,0,0
1150,790,0,0
1151,790,0,0
1152,790,0,0
1153,790,0,0
1154,790,0,0
1155,790,0,0
1156,790,0,0
1157,790,0,0
1158,790,0,0
1159,790,0,0
1160,790,0,0
1161,790,0,0
1162,790,0,0
1163,790,0,0
1164,790,0,0
1165,790,0,0
1166,790,0,0
1167,790,0,0
1168,790,0,0
1169,790,0,0
1170,790,0,0
1171,790,0,0
1172,790,0,0
1173,790,0,0
1174,790,0,0
1175,790,0,0
1176,790,0,0
1177,790,0,0
1178,790,0,0
1179,790,0,0
1180,790,0,0
1181,790,0,0
1182,790,0,0
1183,790,0,0
1184,790,0,0
1185,790,0,0
1186,790,0,0
1187,790,0,0
1188,790,0,0
1189,790,0,0
1190,790,0,0
1191,790,0,0
1192,790,0,0
1193,790,0,0
1194,790,0,0
1195,790,0,0
1196,790,0,0
1197,790,0,0
1198,790,0,0
1199,790,0,0
1200,790,0,0
1201,790,0,0
1202,790,0,0
1203,790,0,0
1204,790,0,0
1205,790,0,0
1206,790,0,0
1207,790,0,0
1208,790,0,0
1209,790,0,0
1210,790,0,0
1211,790,0,0
1212,790,0,0
1213,790,0,0
1214,790,0,0
1215,790,0,0
1216,790,0,0
1217,790,0,0
1218,790,0,0
1219,790,0,0
1220,790,0,0
1221,790,0,0
1222,790,0,0
1223,790,0,0
1224,790,0,0
1225,790,0,0
1226,790,0,0
1227,790,0,0
1228,790,0,0
1229,790,0,0
1230,790,0,0
1231,790,0,0
1232,790,0,0
1233,790,0,0
1234,790,0,0
1235,790,0,0
1236,790,0,0
1237,790,0,0
1238,790,0,0
1239,790,0,0
1240,790,0,0
1241,790,0,0
1242,790,0,0
1243,790,0,0
1244,790,0,0
1245,790,0,0
1246,790,0,0
1247,790,0,0
1248,790,0,0
1249,790,0,0
1250,790,0,0
1251,790,0,0
1252,790,0,0
1253,790,0,0
1254,790,0,0
1255,790,0,0
1256,790,0,0
1257,790,0,0
1258,790,0,0
1259,790,0,0
1260,790,0,0
1261,790,0,0
1262,790,0,0
1263,790,0,0
1264,790,0,0
1265,790,0,0
1266,790,0,0
1267,790,0,0
1268,790,0,0
1269,790,0,0
1270,790,0,0
1271,790,0,0
1272,790,0,0
1273,790,0,0
1274,790,0,0
1275,790,0,0
1276,790,0,0
1277,790,0,0
1278,790,0,0
1279,790,0,0
1280,790,0,0
1281,790,0,0
1282,790,0,0
1283,790,0,0
1284,790,0,0
1285,790,0,0
1286,790,0,0
1287,790,0,0
1288,790,0,0
1289,790,0,0
1290,790,0,0
1291,790,0,0
1292,790,0,0
1293,790,0,0
1294,790,0,0
1295,790,0,0
1296,790,0,0
1297,790,0,0
1298,790,0,0
1299,790,0,0
1300,790,0,0
1301,790,0,0
1302,790,0,0
1303,790,0,0
1304,790,0,0
1305,790,0,0
1306,790,0,0
1307,790,0,0
1308,790,0,0
1309,790,0,0
1310,790,0,0
1311,790,0,0
1312,790,0,0
1313,790,0,0
1314,790,0,0
1315,790,0,0
1316,790,0,0
1317,790,0,0
1318,790,0,0
1319,790,0,0
1320,790,0,0
1321,790,0,0
1322,790,0,0
1323,790,0,0
1324,790,0,0
1325,790,0,0
1326,790,0,0
1327,790,0,0
1328,790,0,0
1329,790,0,0
1330,790,0,0
1331,790,0,0
1332,790,0,0
1333,790,0,0
1334,790,0,0
1335,790,0,0
1336,790,0,0
1337,790,0,0
1338,790,0,0
1339,790,0,0
1340,790,0,0
1341,790,0,0
1342,790,0,0
1343,790,0,0
1344,790,0,0
1345,790,0,0
1346,790,0,0
1347,790,0,0
1348,790,0,0
1349,790,0,0
1350,790,0,0
1351,790,0,0
1352,790,0,0
1353,790,0,0
1354,790,0,0
1355,790,0,0
1356,790,0,0
1357,790,0,0
1358,790,0,0
1359,790,0,0
1360,790,0,0
1361,790,0,0
1362,790,0,0
1363,790,0,0
1364,790,0,0
1365,790,0,0
1366,790,0,0
1367,790,0,0
1368,790,0,0
1369,790,0,0
1370,790,0,0
1371,790,0,0
1372,790,0,0
1373,790,0,0
1374,790,0,0
1375,790,0,0
1376,790,0,0
1377,790,0,0
1378,790,0,0
1379,790,0,0
1380,790,0,0
1381,790,0,0
1382,790,0,0
1383,790,0,0
1384,790,0,0
1385,790,0,0
1386,790,0,0
1387,790,0,0
1388,790,0,0
1389,790,0,0
1390,790,0,0
1391,790,0,0
1392,790,0,0
1393,790,0,0
1394,790,0,0
1395,790,0,0
1396,790,0,0
1397,790,0,0
1398,790,0,0
1399,790,0,0
1400,790,0,0
1401,790,0,0
1402,790,0,0
1403,790,0,0
1404,790,0,0
1405,790,0,0
1406,790,0,0
1407,790,0,0
1408,790,0,0
1409,790,0,0
1410,790,0,0
1411,790,0,0
1412,790,0,0
1413,790,0,0
1414,790,0,0
1415,790,0,0
1416,790,0,0
1417,790,0,0
1418,790,0,0
1419,790,0,0
1420,790,0,0
1421,790,0,0
1422,790,0,0
1423,790,0,0
1424,790,0,0
1425,790,0,0
1426,790,0,0
1427,790,0,0
1428,790,0,0
1429,790,0,0
1430,790,0,0
1431,790,0,0
1432,790,0,0
1433,790,0,0
1434,790,0,0
1435,790,0,0
1436,790,0,0
1437,790,0,0
1438,790,0,0
1439,790,0,0
1440,790,0,0
1441,790,0,0
1442,790,0,0
1443,790,0,0
1444,790,0,0
1445,790,0,0
1446,790,0,0
1447,790,0,0
1448,790,0,0
1449,790,0,0
1450,790,0,0
1451,790,0,0
1452,790,0,0
1453,790,0,0
1454,790,0,0
1455,790,0,0
1456,790,0,0
1457,790,0,0
1458,790,0,0
1459,790,0,0
1460,790,0,0
1461,790,0,0
1462,790,0,0
1463,790,0,0
1464,790,0,0
1465,790,0,0
1466,790,0,0
1467,790,0,0
1468,790,0,0
1469,790,0,0
1470,790,0,0
1471,790,0,0
1472,790,0,0
1473,790,0,0
1474,790,0,0
1475,790,0,0
1476,790,0,0
1477,790,0,0
1478,790,0,0
1479,790,0,0
1480,790,0,0
1481,790,0,0
1482,790,0,0
1483,790,0,0
1484,790,0,0
1485,790,0,0
1486,790,0,0
1487,790,0,0
1488,790,0,0
1489,790,0,0
1490,790,0,0
1491,790,0,0
1492,790,0,0
1493,790,0,0
1494,790,0,0
1495,790,0,0
1496,790,0,0
1497,790,0,0
1498,790,0,0
1499,790,0,0
1500,790,0,0
1501,790,0,0
1502,790,0,0
1503,790,0,0
1504,790,0,0
1505,790,0,0
1506,790,0,0
1507,790,0,0
1508,790,0,0
1509,790,0,0
1510,790,0,0
1511,790,0,0
1512,790,0,0
1513,790,0,0
1514,790,0,0
1515,790,0,0
1516,790,0,0
1517,790,0,0
1518,790,0,0
1519,790,0,0
1520,790,0,0
1521,790,0,0
1522,790,0,0
1523,790,0,0
1524,790,0,0
1525,790,0,0
1526,790,0,0
1527,790,0,0
1528,790,0,0
1529,790,0,0
1530,790,0,0
1531,790,0,0
1532,790,0,0
1533,790,0,0
1534,790,0,0
1535,790,0,0
1536,790,0,0
1537,790,0,0
1538,790,0,0
1539,790,0,0
1540,790,0,0
1541,790,0,0
1542,790,0,0
1543,790,0,0
1544,790,0,0
1545,790,0,0
1546,790,0,0
1547,790,0,0
1548,790,0,0
1549,790,0,0
1550,790,0,0
1551,790,0,0
1552,790,0,0
1553,790,0,0
1554,790,0,0
1555,790,0,0
1556,790,0,0
1557,790,0,0
1558,790,0,0
1559,790,0,0
1560,790,0,0
1561,790,0,0
1562,790,0,0
1563,790,0,0
1564,790,0,0
1565,790,0,0
1566,790,0,0
1567,790,0,0
1568,790,0,0
1569,790,0,0
1570,790,0,0
1571,790,0,0
1572,790,0,0
1573,790,0,0
1574,790,0,0
1575,790,0,0
1576,790,0,0
1577,790,0,0
1578,790,0,0
1579,790,0,0
1580,790,0,0
1581,790,0,0
1582,790,0,0
1583,790,0,0
1584,790,0,0
1585,790,0,0
1586,790,0,0
1587,790,0,0
1588,790,0,0
1589,790,0,0
1590,790,0,0
1591,790,0,0
1592,790,0,0
1593,790,0,0
1594,790,0,0
1595,790,0,0
1596,790,0,0
1597,790,0,0
1598,790,0,0
1599,790,0,0
1600,790,0,0
1601,790,0,0
1602,790,0,0
1603,790,0,0
1604,790,0,0
1605,790,0,0
1606,790,0,0
1607,790,0,0
1608,790,0,0
1609,790,0,0
1610,790,0,0
1611,790,0,0
1612,790,0,0
1613,790,0,0
1614,790,0,0
1615,790,0,0
1616,790,0,0
1617,790,0,0
1618,790,0,0
1619,790,0,0
1620,790,0,0
1621,790,0,0
1622,790,0,0
1623,790,0,0
1624,790,0,0
1625,790,0,0
1626,790,0,0
1627,790,0,0
1628,790,0,0
1629,790,0,0
1630,790,0,0
1631,790,0,0
1632,790,0,0
1633,790,0,0
1634,790,0,0
1635,790,0,0
1636,790,0,0
1637,790,0,0
1638,790,0,0
1639,790,0,0
1640,790,0,0
1641,790,0,0
1642,790,0,0
1643,790,0,0
1644,790,0,0
1645,790,0,0
1646,790,0,0
1647,790,0,0
1648,790,0,0
1649,790,0,0
1650,790,0,0
1651,790,0,0
1652,790,0,0
1653,790,0,0
1654,790,0,0
1655,790,0,0
1656,790,0,0
1657,790,0,0
1658,790,0,0
1659,790,0,0
1660,790,0,0
1661,790,0,0
1662,790,0,0
1663,790,0,0
1664,790,0,0
1665,790,0,0
1666,790,0,0
1667,790,0,0
1668,790,0,0
1669,790,0,0
1670,790,0,0
1671,790,0,0
1672,790,0,0
1673,790,0,0
1674,790,0,0
1675,790,0,0
1676,790,0,0
1677,790,0,0
1678,790,0,0
1679,790,0,0
1680,790,0,0
1681,790,0,0
1682,790,0,0
1683,790,0,0
1684,790,0,0
1685,790,0,0
1686,790,0,0
1687,790,0,0
1688,790,0,0
1689,790,0,0
1690,790,0,0
1691,790,0,0
1692,790,0,0
1693,790,0,0
1694,790,0,0
1695,790,0,0
1696,790,0,0
1697,790,0,0
1698,790,0,0
1699,790,0,0
1700,790,0,0
1701,790,0,0
1702,790,0,0
1703,790,0,0
1704,790,0,0
1705,790,0,0
1706,790,0,0
1707,790,0,0
1708,790,0,0
1709,790,0,0
1710,790,0,0
1711,790,0,0
1712,790,0,0
1713,790,0,0
1714,790,0,0
1715,790,0,0
1716,790,0,0
1717,790,0,0
1718,790,0,0
1719,790,0,0
1720,790,0,0
1721,790,0,0
1722,790,0,0
1723,790,0,0
1724,790,0,0
1725,790,0,0
1726,790,0,0
1727,790,0,0
1728,790,0,0
1729,790,0,0
1730,790,0,0
1731,790,0,0
1732,790,0,0
1733,790,0,0
1734,790,0,0
1735,790,0,0
1736,790,0,0
1737,790,0,0
1738,790,0,0
1739,790,0,0
1740,790,0,0
1741,790,0,0
1742,790,0,0
1743,790,0,0
1744,790,0,0
1745,790,0,0
1746,790,0,0
1747,790,0,0
1748,790,0,0
1749,790,0,0
1750,790,0,0
1751,790,0,0
1752,790,0,0
1753,790,0,0
1754,790,0,0
1755,790,0,0
1756,790,0,0
1757,790,0,0
1758,790,0,0
1759,790,0,0
1760,790,0,0
1761,790,0,0
1762,790,0,0
1763,790,0,0
1764,790,0,0
1765,790,0,0
1766,790,0,0
1767,790,0,0
1768,790,0,0
1769,790,0,0
1770,790,0,0
1771,790,0,0
1772,790,0,0
1773,790,0,0
1774,790,0,0
1775,790,0,0
1776,790,0,0
1777,790,0,0
1778,790,0,0
1779,790,0,0
1780,790,0,0
1781,790,0,0
1782,790,0,0
1783,790,0,0
1784,790,0,0
1785,790,0,0
1786,790,0,0
1787,790,0,0
1788,790,0,0
1789,790,0,0
1790,790,0,0
1791,790,0,0
1792,790,0,0
1793,790,0,0
1794,790,0,0
1795,790,0,0
1796,790,0,0
1797,790,0,0
1798,790,0,0
1799,790,0,0
1800,790,0,0
1801,790,0,0
1802,790,0,0
1803,790,0,0
1804,790,0,0
1805,790,0,0
1806,790,0,0
1807,790,0,0
1808,790,0,0
1809,790,0,0
1810,790,0,0
1811,790,0,0
1812,790,0,0
1813,790,0,0
1814,790,0,0
1815,790,0,0
1816,790,0,0
1817,790,0,0
1818,790,0,0
1819,790,0,0
1820,790,0,0
1821,790,0,0
1822,790,0,0
1823,790,0,0
1824,790,0,0
1825,790,0,0
1826,790,0,0
1827,790,0,0
1828,790,0,0
1829,790,0,0
1830,790,0,0
1831,790,0,0
1832,790,0,0
1833,790,0,0
1834,790,0,0
1835,790,0,0
1836,790,0,0
1837,790,0,0
1838,790,0,0
1839,790,0,0
1840,790,0,0
1841,790,0,0
1842,790,0,0
1843,790,0,0
1844,790,0,0
1845,790,0,0
1846,790,0,0
1847,790,0,0
1848,790,0,0
1849,790,0,0
1850,790,0,0
1851,790,0,0
1852,790,0,0
1853,790,0,0
1854,790,0,0
1855,790,0,0
1856,790,0,0
1857,790,0,0
1858,790,0,0
1859,790,0,0
1860,790,0,0
1861,790,0,0
1862,790,0,0
1863,790,0,0
1864,790,0,0
1865,790,0,0
1866,790,0,0
1867,790,0,0
1868,790,0,0
1869,790,0,0
1870,790,0,0
1871,790,0,0
1872,790,0,0
1873,790,0,0
1874,790,0,0
1875,790,0,0
1876,790,0,0
1877,790,0,0
1878,790,0,0
1879,790,0,0
1880,790,0,0
1881,790,0,0
1882,790,0,0
1883,790,0,0
1884,790,0,0
1885,790,0,0
1886,790,0,0
1887,790,0,0
1888,790,0,0
1889,790,0,0
1890,790,0,0
1891,790,0,0
1892,790,0,0
1893,790,0,0
1894,790,0,0
1895,790,0,0
1896,790,0,0
1897,790,0,0
1898,790,0,0
1899,790,0,0
1900,790,0,0
1901,790,0,0
1902,790,0,0
1903,790,0,0
1904,790,0,0
1905,790,0,0
1906,790,0,0
1907,790,0,0
1908,790,0,0
1909,790,0,0
1910,790,0,0
1911,790,0,0
1912,790,0,0
1913,790,0,0
1914,790,0,0
1915,790,0,0
1916,790,0,0
1917,790,0,0
1918,790,0,0
1919,790,0,0
1920,790,0,0
1921,790,0,0
1922,790,0,0
1923,790,0,0
1924,790,0,0
1925,790,0,0
1926,790,0,0
1927,790,0,0
1928,790,0,0
1929,790,0,0
1930,790,0,0
1931,790,0,0
1932,790,0,0
1933,790,0,0
1934,790,0,0
1935,790,0,0
1936,790,0,0
1937,790,0,0
1938,790,0,0
1939,790,0,0
1940,790,0,0
1941,790,0,0
1942,790,0,0
1943,790,0,0
1944,790,0,0
1945,790,0,0
1946,790,0,0
1947,790,0,0
1948,790,0,0
1949,790,0,0
1950,790,0,0
1951,790,0,0
1952,790,0,0
1953,790,0,0
1954,790,0,0
1955,790,0,0
1956,790,0,0
1957,790,0,0
1958,790,0,0
1959,790,0,0
1960,790,0,0
1961,790,0,0
1962,790,0,0
1963,790,0,0
1964,790,0,0
1965,790,0,0
1966,790,0,0
1967,790,0,0
1968,790,0,0
1969,790,0,0
1970,790,0,0
1971,790,0,0
1972,790,0,0
1973,790,0,0
1974,790,0,0
1975,790,0,0
1976,790,0,0
1977,790,0,0
1978,790,0,0
1979,790,0,0
1980,790,0,0
1981,790,0,0
1982,790,0,0
1983,790,0,0
1984,790,0,0
1985,790,0,0
1986,790,0,0
1987,790,0,0
1988,790,0,0
1989,790,0,0
1990,790,0,0
1991,790,0,0
1992,790,0,0
1993,790,0,0
1994,790,0,0
1995,790,0,0
1996,790,0,0
1997,790,0,0
1998,790,0,0
1999,790,0,0
2000,790,0,0
2001,790,0,0
2002,790,0,0
2003,790,0,0
2004,790,0,0
2005,790,0,0
2006,790,0,0
2007,790,0,0
2008,790,0,0
2009,790,0,0
2010,790,0,0
2011,790,0,0
2012,790,0,0
2013,790,0,0
2014,790,0,0
2015,790,0,0
2016,790,0,0
2017,790,0,0
2018,790,0,0
2019,790,0,0
2020,790,0,0
2021,790,0,0
2022,790,0,0
2023,790,0,0
2024,790,0,0
2025,790,0,0
2026,790,0,0
2027,790,0,0
2028,790,0,0
2029,790,0,0
2030,790,0,0
2031,790,0,0
2032,790,0,0
2033,790,0,0
2034,790,0,0
2035,790,0,0
2036,790,0,0
2037,790,0,0
2038,790,0,0
2039,790,0,0
2040,790,0,0
2041,790,0,0
2042,790,0,0
2043,790,0,0
2044,790,0,0
2045,790,0,0
2046,790,0,0
2047,790,0,0
2048,790,0,0
2049,790,0,0
2050,790,0,0
2051,790,0,0
2052,790,0,0
2053,790,0,0
2054,790,0,0
2055,790,0,0
2056,790,0,0
2057,790,0,0
2058,790,0,0
2059,790,0,0
2060,790,0,0
2061,790,0,0
2062,790,0,0
2063,790,0,0
2064,790,0,0
2065,790,0,0
2066,790,0,0
2067,790,0,0
2068,790,0,0
2069,790,0,0
2070,790,0,0
2071,790,0,0
2072,790,0,0
2073,790,0,0
2074,790,0,0
2075,790,0,0
2076,790,0,0
2077,790,0,0
2078,790,0,0
2079,790,0,0
2080,790,0,0
2081,790,0,0
2082,790,0,0
2083,790,0,0
2084,790,0,0
2085,790,0,0
2086,790,0,0
2087,790,0,0
2088,790,0,0
2089,790,0,0
2090,790,0,0
2091,790,0,0
2092,790,0,0
2093,790,0,0
2094,790,0,0
2095,790,0,0
2096,790,0,0
2097,790,0,0
2098,790,0,0
2099,790,0,0
2100,790,0,0
2101,790,0,0
2102,790,0,0
2103,790,0,0
2104,790,0,0
2105,790,0,0
2106,790,0,0
2107,790,0,0
2108,790,0,0
2109,790,0,0
2110,790,0,0
2111,790,0,0
2112,790,0,0
2113,790,0,0
2114,790,0,0
2115,790,0,0
2116,790,0,0
2117,790,0,0
2118,790,0,0
2119,790,0,0
2120,790,0,0
2121,790,0,0
2122,790,0,0
2123,790,0,0
2124,790,0,0
2125,790,0,0
2126,790,0,0
2127,790,0,0
2128,790,0,0
2129,790,0,0
2130,790,0,0
2131,790,0,0
2132,790,0,0
2133,790,0,0
2134,790,0,0
2135,790,0,0
2136,790,0,0
2137,790,0,0
2138,790,0,0
2139,790,0,0
2140,790,0,0
2141,790,0,0
2142,790,0,0
2143,790,0,0
2144,790,0,0
2145,790,0,0
2146,790,0,0
2147,790,0,0
2148,790,0,0
2149,790,0,0
2150,790,0,0
2151,790,0,0
2152,790,0,0
2153,790,0,0
2154,790,0,0
2155,790,0,0
2156,790,0,0
2157,790,0,0
2158,790,0,0
2159,790,0,0
2160,790,0,0
2161,790,0,0
2162,790,0,0
2163,790,0,0
2164,790,0,0
2165,790,0,0
2166,790,0,0
2167,790,0,0
2168,790,0,0
2169,790,0,0
2170,790,0,0
2171,790,0,0
2172,790,0,0
2173,790,0,0
2174,790,0,0
2175,790,0,0
2176,790,0,0
2177,790,0,0
2178,790,0,0
2179,790,0,0
2180,790,0,0
2181,790,0,0
2182,790,0,0
2183,790,0,0
2184,790,0,0
2185,790,0,0
2186,790,0,0
2187,790,0,0
2188,790,0,0
2189,790,0,0
2190,790,0,0
2191,790,0,0
2192,790,0,0
2193,790,0,0
2194,790,0,0
2195,790,0,0
2196,790,0,0
2197,790,0,0
2198,790,0,0
2199,790,0,0
2200,790,0,0
2201,790,0,0
2202,790,0,0
2203,790,0,0
2204,790,0,0
2205,790,0,0
2206,790,0,0
2207,790,0,0
2208,790,0,0
2209,790,0,0
2210,790,0,0
2211,790,0,0
2212,790,0,0
2213,790,0,0
2214,790,0,0
2215,790,0,0
2216,790,0,0
2217,790,0,0
2218,790,0,0
2219,790,0,0
2220,790,0,0
2221,790,0,0
2222,790,0,0
2223,790,0,0
2224,790,0,0
2225,790,0,0
2226,790,0,0
2227,790,0,0
2228,790,0,0
2229,790,0,0
2230,790,0,0
2231,790,0,0
2232,790,0,0
2233,790,0,0
2234,790,0,0
2235,790,0,0
2236,790,0,0
2237,790,0,0
2238,790,0,0
2239,790,0,0
2240,790,0,0
2241,790,0,0
2242,790,0,0
2243,790,0,0
2244,790,0,0
2245,790,0,0
2246,790,0,0
2247,790,0,0
2248,790,0,0
2249,790,0,0
2250,790,0,0
2251,790,0,0
2252,790,0,0
2253,790,0,0
2254,790,0,0
2255,790,0,0
2256,790,0,0
2257,790,0,0
2258,790,0,0
2259,790,0,0
2260,790,0,0
2261,790,0,0
2262,790,0,0
2263,790,0,0
2264,790,0,0
2265,790,0,0
2266,790,0,0
2267,790,0,0
2268,790,0,0
2269,790,0,0
2270,790,0,0
2271,790,0,0
2272,790,0,0
2273,790,0,0
2274,790,0,0
2275,790,0,0
2276,790,0,0
2277,790,0,0
2278,790,0,0
2279,790,0,0
2280,790,0,0
2281,790,0,0
2282,790,0,0
2283,790,0,0
2284,790,0,0
2285,790,0,0
2286,790,0,0
2287,790,0,0
2288,790,0,0
2289,790,0,0
2290,790,0,0
2291,790,0,0
2292,790,0,0
2293,790,0,0
2294,790,0,0
2295,790,0,0
2296,790,0,0
2297,790,0,0
2298,790,0,0
2299,790,0,0
2300,790,0,0
2301,790,0,0
2302,790,0,0
2303,790,0,0
2304,790,0,0
2305,790,0,0
2306,790,0,0
2307,790,0,0
2308,790,0,0
2309,790,0,0
2310,790,0,0
2311,790,0,0
2312,790,0,0
2313,790,0,0
2314,790,0,0
2315,790,0,0
2316,790,0,0
2317,790,0,0
2318,790,0,0
2319,790,0,0
2320,790,0,0
2321,790,0,0
2322,790,0,0
2323,790,0,0
2324,790,0,0
2325,790,0,0
2326,790,0,0
2327,790,0,0
2328,790,0,0
2329,790,0,0
2330,790,0,0
2331,790,0,0
2332,790,0,0
2333,790,0,0
2334,790,0,0
2335,790,0,0
2336,790,0,0
2337,790,0,0
2338,790,0,0
2339,790,0,0
2340,790,0,0
2341,790,0,0
2342,790,0,0
2343,790,0,0
2344,790,0,0
2345,790,0,0
2346,790,0,0
2347,790,0,0
2348,790,0,0
2349,790,0,0
2350,790,0,0
2351,790,0,0
2352,790,0,0
2353,790,0,0
2354,790,0,0
2355,790,0,0
2356,790,0,0
2357,790,0,0
2358,790,0,0
2359,790,0,0
2360,790,0,0
2361,790,0,0
2362,790,0,0
2363,790,0,0
2364,790,0,0
2365,790,0,0
2366,790,0,0
2367,790,0,0
2368,790,0,0
2369,790,0,0
2370,790,0,0
2371,790,0,0
2372,790,0,0
2373,790,0,0
2374,790,0,0
2375,790,0,0
2376,790,0,0
2377,790,0,0
2378,790,0,0
2379,790,0,0
2380,790,0,0
2381,790,0,0
2382,790,0,0
2383,790,0,0
2384,790,0,0
2385,790,0,0
2386,790,0,0
2387,790,0,0
2388,790,0,0
2389,790,0,0
2390,790,0,0
2391,790,0,0
2392,790,0,0
2393,790,0,0
2394,790,0,0
2395,790,0,0
2396,790,0,0
2397,790,0,0
2398,790,0,0
2399,790,0,0
2400,790,0,0
2401,790,0,0
2402,790,0,0
2403,790,0,0
2404,790,0,0
2405,790,0,0
2406,790,0,0
2407,790,0,0
2408,790,0,0
2409,790,0,0
2410,790,0,0
2411,790,0,0
2412,790,0,0
2413,790,0,0
2414,790,0,0
2415,790,0,0
2416,790,0,0
2417,790,0,0
2418,790,0,0
2419,790,0,0
2420,790,0,0
2421,790,0,0
2422,790,0,0
2423,790,0,0
2424,790,0,0
2425,790,0,0
2426,790,0,0
2427,790,0,0
2428,790,0,0
2429,790,0,0
2430,790,0,0
2431,790,0,0
2432,790,0,0
2433,790,0,0
2434,790,0,0
2435,790,0,0
2436,790,0,0
2437,790,0,0
2438,790,0,0
2439,790,0,0
2440,790,0,0
2441,790,0,0
2442,790,0,0
2443,790,0,0
2444,790,0,0
2445,790,0,0
2446,790,0,0
2447,790,0,0
2448,790,0,0
2449,790,0,0
2450,790,0,0
2451,790,0,0
2452,790,0,0
2453,790,0,0
2454,790,0,0
2455,790,0,0
2456,790,0,0
2457,790,0,0
2458,790,0,0
2459,790,0,0
2460,790,0,0
2461,790,0,0
2462,790,0,0
2463,790,0,0
2464,790,0,0
2465,790,0,0
2466,790,0,0
2467,790,0,0
2468,790,0,0
2469,790,0,0
2470,790,0,0
2471,790,0,0
2472,790,0,0
2473,790,0,0
2474,790,0,0
2475,790,0,0
2476,790,0,0
2477,790,0,0
2478,790,0,0
2479,790,0,0
2480,790,0,0
2481,790,0,0
2482,790,0,0
2483,790,0,0
2484,790,0,0
2485,790,0,0
2486,790,0,0
2487,790,0,0
2488,790,0,0
2489,790,0,0
2490,790,0,0
2491,790,0,0
2492,790,0,0
2493,790,0,0
2494,790,0,0
2495,790,0,0
2496,790,0,0
2497,790,0,0
2498,790,0,0
2499,790,0,0
2500,790,0,0
2501,790,0,0
2502,790,0,0
2503,790,0,0
2504,790,0,0
2505,790,0,0
2506,790,0,0
2507,790,0,0
2508,790,0,0
2509,790,0,0
2510,790,0,0
2511,790,0,0
2512,790,0,0
2513,790,0,0
2514,790,0,0
2515,790,0,0
2516,790,0,0
2517,790,0,0
2518,790,0,0
2519,790,0,0
2520,790,0,0
2521,790,0,0
2522,790,0,0
2523,790,0,0
2524,790,0,0
2525,790,0,0
2526,790,0,0
2527,790,0,0
2528,790,0,0
2529,790,0,0
2530,790,0,0
2531,790,0,0
2532,790,0,0
2533,790,0,0
2534,790,0,0
2535,790,0,0
2536,790,0,0
2537,790,0,0
2538,790,0,0
2539,790,0,0
2540,790,0,0
2541,790,0,0
2542,790,0,0
2543,790,0,0
2544,790,0,0
2545,790,0,0
2546,790,0,0
2547,790,0,0
2548,790,0,0
2549,790,0,0
2550,790,0,0
2551,790,0,0
2552,790,0,0
2553,790,0,0
2554,790,0,0
2555,790,0,0
2556,790,0,0
2557,790,0,0
2558,790,0,0
2559,790,0,0
2560,790,0,0
2561,790,0,0
2562,790,0,0
2563,790,0,0
2564,790,0,0
2565,790,0,0
2566,790,0,0
2567,790,0,0
2568,790,0,0
2569,790,0,0
2570,790,0,0
2571,790,0,0
2572,790,0,0
2573,790,0,0
2574,790,0,0
2575,790,0,0
2576,790,0,0
2577,790,0,0
2578,790,0,0
2579,790,0,0
2580,790,0,0
2581,790,0,0
2582,790,0,0
2583,790,0,0
2584,790,0,0
2585,790,0,0
2586,790,0,0
2587,790,0,0
2588,790,0,0
2589,790,0,0
2590,790,0,0
2591,790,0,0
2592,790,0,0
2593,790,0,0
2594,790,0,0
2595,790,0,0
2596,790,0,0
2597,790,0,0
2598,790,0,0
2599,790,0,0
2600,790,0,0
2601,790,0,0
2602,790,0,0
2603,790,0,0
2604,790,0,0
2605,790,0,0
2606,790,0,0
2607,790,0,0
2608,790,0,0
2609,790,0,0
2610,790,0,0
2611,790,0,0
2612,790,0,0
2613,790,0,0
2614,790,0,0
2615,790,0,0
2616,790,0,0
2617,790,0,0
2618,790,0,0
2619,790,0,0
2620,790,0,0
2621,790,0,0
2622,790,0,0
2623,790,0,0
2624,790,0,0
2625,790,0,0
2626,790,0,0
2627,790,0,0
2628,790,0,0
2629,790,0,0
2630,790,0,0
2631,790,0,0
2632,790,0,0
2633,790,0,0
2634,790,0,0
2635,790,0,0
2636,790,0,0
2637,790,0,0
2638,790,0,0
2639,790,0,0
2640,790,0,0
2641,790,0,0
2642,790,0,0
2643,790,0,0
2644,790,0,0
2645,790,0,0
2646,790,0,0
2647,790,0,0
2648,790,0,0
2649,790,0,0
2650,790,0,0
2651,790,0,0
2652,790,0,0
2653,790,0,0
2654,790,0,0
2655,790,0,0
2656,790,0,0
2657,790,0,0
2658,790,0,0
2659,790,0,0
2660,790,0,0
2661,790,0,0
2662,790,0,0
2663,790,0,0
2664,790,0,0
2665,790,0,0
2666,790,0,0
2667,790,0,0
2668,790,0,0
2669,790,0,0
2670,790,0,0
2671,790,0,0
2672,790,0,0
2673,790,0,0
2674,790,0,0
2675,790,0,0
2676,790,0,0
2677,790,0,0
2678,790,0,0
2679,790,0,0
2680,790,0,0
2681,790,0,0
2682,790,0,0
2683,790,0,0
2684,790,0,0
2685,790,0,0
2686,790,0,0
2687,790,0,0
2688,790,0,0
2689,790,0,0
2690,790,0,0
2691,790,0,0
2692,790,0,0
2693,790,0,0
2694,790,0,0
2695,790,0,0
2696,790,0,0
2697,790,0,0
2698,790,0,0
2699,790,0,0
2700,790,0,0
2701,790,0,0
2702,790,0,0
2703,790,0,0
2704,790,0,0
2705,790,0,0
2706,790,0,0
2707,790,0,0
2708,790,0,0
2709,790,0,0
2710,790,0,0
2711,790,0,0
2712,790,0,0
2713,790,0,0
2714,790,0,0
2715,790,0,0
2716,790,0,0
2717,790,0,0
2718,790,0,0
2719,790,0,0
2720,790,0,0
2721,790,0,0
2722,790,0,0
2723,790,0,0
2724,790,0,0
2725,790,0,0
2726,790,0,0
2727,790,0,0
2728,790,0,0
2729,790,0,0
2730,790,0,0
2731,790,0,0
2732,790,0,0
2733,790,0,0
2734,790,0,0
2735,790,0,0
2736,790,0,0
2737,790,0,0
2738,790,0,0
2739,790,0,0
2740,790,0,0
2741,790,0,0
2742,790,0,0
2743,790,0,0
2744,790,0,0
2745,790,0,0
2746,790,0,0
2747,790,0,0
2748,790,0,0
2749,790,0,0
2750,790,0,0
2751,790,0,0
2752,790,0,0
2753,790,0,0
2754,790,0,0
2755,790,0,0
2756,790,0,0
2757,790,0,0
2758,790,0,0
2759,790,0,0
2760,790,0,0
2761,790,0,0
2762,790,0,0
2763,790,0,0
2764,790,0,0
2765,790,0,0
2766,790,0,0
2767,790,0,0
2768,790,0,0
2769,790,0,0
2770,790,0,0
2771,790,0,0
2772,790,0,0
2773,790,0,0
2774,790,0,0
2775,790,0,0
2776,790,0,0
2777,790,0,0
2778,790,0,0
2779,790,0,0
2780,790,0,0
2781,790,0,0
2782,790,0,0
2783,790,0,0
2784,790,0,0
2785,790,0,0
2786,790,0,0
2787,790,0,0
2788,790,0,0
2789,790,0,0
2790,790,0,0
2791,790,0,0
2792,790,0,0
2793,790,0,0
2794,790,0,0
2795,790,0,0
2796,790,0,0
2797,790,0,0
2798,790,0,0
2799,790,0,0
2800,790,0,0
2801,790,0,0
2802,790,0,0
2803,790,0,0
2804,790,0,0
2805,790,0,0
2806,790,0,0
2807,790,0,0
2808,790,0,0
2809,790,0,0
2810,790,0,0
2811,790,0,0
2812,790,0,0
2813,790,0,0
2814,790,0,0
2815,790,0,0
2816,790,0,0
2817,790,0,0
2818,790,0,0
2819,790,0,0
2820,790,0,0
2821,790,0,0
2822,790,0,0
2823,790,0,0
2824,790,0,0
2825,790,0,0
2826,790,0,0
2827,790,0,0
2828,790,0,0
2829,790,0,0
2830,790,0,0
2831,790,0,0
2832,790,0,0
2833,790,0,0
2834,790,0,0
2835,790,0,0
2836,790,0,0
2837,790,0,0
2838,790,0,0
2839,790,0,0
2840,790,0,0
2841,790,0,0
2842,790,0,0
2843,790,0,0
2844,790,0,0
2845,790,0,0
2846,790,0,0
2847,790,0,0
2848,790,0,0
2849,790,0,0
2850,790,0,0
2851,790,0,0
2852,790,0,0
2853,790,0,0
2854,790,0,0
2855,790,0,0
2856,790,0,0
2857,790,0,0
2858,790,0,0
2859,790,0,0
2860,790,0,0
2861,790,0,0
2862,790,0,0
2863,790,0,0
2864,790,0,0
2865,790,0,0
2866,790,0,0
2867,790,0,0
2868,790,0,0
2869,790,0,0
2870,790,0,0
2871,790,0,0
2872,790,0,0
2873,790,0,0
2874,790,0,0
2875,790,0,0
2876,790,0,0
2877,790,0,0
2878,790,0,0
2879,790,0,0
2880,790,0,0
2881,790,0,0
2882,790,0,0
2883,790,0,0
2884,790,0,0
2885,790,0,0
2886,790,0,0
2887,790,0,0
2888,790,0,0
2889,790,0,0
2890,790,0,0
2891,790,0,0
2892,790,0,0
2893,790,0,0
2894,790,0,0
2895,790,0,0
2896,790,0,0
2897,790,0,0
2898,790,0,0
2899,790,0,0
2900,790,0,0
2901,790,0,0
2902,790,0,0
2903,790,0,0
2904,790,0,0
2905,790,0,0
2906,790,0,0
2907,790,0,0
2908,790,0,0
2909,790,0,0
2910,790,0,0
2911,790,0,0
2912,790,0,0
2913,790,0,0
2914,790,0,0
2915,790,0,0
2916,790,0,0
2917,790,0,0
2918,790,0,0
2919,790,0,0
2920,790,0,0
2921,790,0,0
2922,790,0,0
2923,790,0,0
2924,790,0,0
2925,790,0,0
2926,790,0,0
2927,790,0,0
2928,790,0,0
2929,790,0,0
2930,790,0,0
2931,790,0,0
2932,790,0,0
2933,790,0,0
2934,790,0,0
2935,790,0,0
2936,790,0,0
2937,790,0,0
2938,790,0,0
2939,790,0,0
2940,790,0,0
2941,790,0,0
2942,790,0,0
2943,790,0,0
2944,790,0,0
2945,790,0,0
2946,790,0,0
2947,790,0,0
2948,790,0,0
2949,790,0,0
2950,790,0,0
2951,790,0,0
2952,790,0,0
2953,790,0,0
2954,790,0,0
2955,790,0,0
2956,790,0,0
2957,790,0,0
2958,790,0,0
2959,790,0,0
2960,790,0,0
2961,790,0,0
2962,790,0,0
2963,790,0,0
2964,790,0,0
2965,790,0,0
2966,790,0,0
2967,790,0,0
2968,790,0,0
2969,790,0,0
2970,790,0,0
2971,790,0,0
2972,790,0,0
2973,790,0,0
2974,790,0,0
2975,790,0,0
2976,790,0,0
2977,790,0,0
2978,790,0,0
2979,790,0,0
2980,790,0,0
2981,790,0,0
2982,790,0,0
2983,790,0,0
2984,790,0,0
2985,790,0,0
2986,790,0,0
2987,790,0,0
2988,790,0,0
2989,790,0,0
2990,790,0,0
2991,790,0,0
2992,790,0,0
2993,790,0,0
2994,790,0,0
2995,790,0,0
2996,790,0,0
2997,790,0,0
2998,790,0,0
2999,790,0,0
3000,790,0,0
3001,790,0,0
3002,790,0,0
3003,790,0,0
3004,790,0,0
3005,790,0,0
3006,790,0,0
3007,790,0,0
3008,790,0,0
3009,790,0,0
3010,790,0,0
3011,790,0,0
3012,790,0,0
3013,790,0,0
3014,790,0,0
3015,790,0,0
3016,790,0,0
3017,790,0,0
3018,790,0,0
3019,790,0,0
3020,790,0,0
3021,790,0,0
3022,790,0,0
3023,790,0,0
3024,790,0,0
3025,790,0,0
3026,790,0,0
3027,790,0,0
3028,790,0,0
3029,790,0,0
3030,790,0,0
3031,790,0,0
3032,790,0,0
3033,790,0,0
3034,790,0,0
3035,790,0,0
3036,790,0,0
3037,790,0,0
3038,790,0,0
3039,790,0,0
3040,790,0,0
3041,790,0,0
3042,790,0,0
3043,790,0,0
3044,790,0,0
3045,790,0,0
3046,790,0,0
3047,790,0,0
3048,790,0,0
3049,790,0,0
3050,790,0,0
3051,790,0,0
3052,790,0,0
3053,790,0,0
3054,790,0,0
3055,790,0,0
3056,790,0,0
3057,790,0,0
3058,790,0,0
3059,790,0,0
3060,790,0,0
3061,790,0,0
3062,790,0,0
3063,790,0,0
3064,790,0,0
3065,790,0,0
3066,790,0,0
3067,790,0,0
3068,790,0,0
3069,790,0,0
3070,790,0,0
3071,790,0,0
3072,790,0,0
3073,790,0,0
3074,790,0,0
3075,790,0,0
3076,790,0,0
3077,790,0,0
3078,790,0,0
3079,790,0,0
3080,790,0,0
3081,790,0,0
3082,790,0,0
3083,790,0,0
3084,790,0,0
3085,790,0,0
3086,790,0,0
3087,790,0,0
3088,790,0,0
3089,790,0,0
3090,790,0,0
3091,790,0,0
3092,790,0,0
3093,790,0,0
3094,790,0,0
3095,790,0,0
3096,790,0,0
3097,790,0,0
3098,790,0,0
3099,790,0,0
3100,790,0,0
3101,790,0,0
3102,790,0,0
3103,790,0,0
3104,790,0,0
3105,790,0,0
3106,790,0,0
3107,790,0,0
3108,790,0,0
3109,790,0,0
3110,790,0,0
3111,790,0,0
3112,790,0,0
3113,790,0,0
3114,790,0,0
3115,790,0,0
3116,790,0,0
3117,790,0,0
3118,790,0,0
3119,790,0,0
3120,790,0,0
3121,790,0,0
3122,790,0,0
3123,790,0,0
3124,790,0,0
3125,790,0,0
3126,790,0,0
3127,790,0,0
3128,790,0,0
3129,790,0,0
3130,790,0,0
3131,790,0,0
3132,790,0,0
3133,790,0,0
3134,790,0,0
3135,790,0,0
3136,790,0,0
3137,790,0,0
3138,790,0,0
3139,790,0,0
3140,790,0,0
3141,790,0,0
3142,790,0,0
3143,790,0,0
3144,790,0,0
3145,790,0,0
3146,790,0,0
3147,790,0,0
3148,790,0,0
3149,790,0,0
3150,790,0,0
3151,790,0,0
3152,790,0,0
3153,790,0,0
3154,790,0,0
3155,790,0,0
3156,790,0,0
3157,790,0,0
3158,790,0,0
3159,790,0,0
3160,790,0,0
3161,790,0,0
3162,790,0,0
3163,790,0,0
3164,790,0,0
3165,790,0,0
3166,790,0,0
3167,790,0,0
3168,790,0,0
3169,790,0,0
3170,790,0,0
3171,790,0,0
3172,790,0,0
3173,790,0,0
3174,790,0,0
3175,790,0,0
3176,790,0,0
3177,790,0,0
3178,790,0,0
3179,790,0,0
3180,790,0,0
3181,790,0,0
3182,790,0,0
3183,790,0,0
3184,790,0,0
3185,790,0,0
3186,790,0,0
3187,790,0,0
3188,790,0,0
3189,790,0,0
3190,790,0,0
3191,790,0,0
3192,790,0,0
3193,790,0,0
3194,790,0,0
3195,790,0,0
3196,790,0,0
3197,790,0,0
3198,790,0,0
3199,790,0,0
3200,790,0,0
3201,790,0,0
3202,790,0,0
3203,790,0,0
3204,790,0,0
3205,790,0,0
3206,790,0,0
3207,790,0,0
3208,790,0,0
3209,790,0,0
3210,790,0,0
3211,790,0,0
3212,790,0,0
3213,790,0,0
3214,790,0,0
3215,790,0,0
3216,790,0,0
3217,790,0,0
3218,790,0,0
3219,790,0,0
3220,790,0,0
3221,790,0,0
3222,790,0,0
3223,790,0,0
3224,790,0,0
3225,790,0,0
3226,790,0,0
3227,790,0,0
3228,790,0,0
3229,790,0,0
3230,790,0,0
3231,790,0,0
3232,790,0,0
3233,790,0,0
3234,790,0,0
3235,790,0,0
3236,790,0,0
3237,790,0,0
3238,790,0,0
3239,790,0,0
3240,790,0,0
3241,790,0,0
3242,790,0,0
3243,790,0,0
3244,790,0,0
3245,790,0,0
3246,790,0,0
3247,790,0,0
3248,790,0,0
3249,790,0,0
3250,790,0,0
3251,790,0,0
3252,790,0,0
3253,790,0,0
3254,790,0,0
3255,790,0,0
3256,790,0,0
3257,790,0,0
3258,790,0,0
3259,790,0,0
3260,790,0,0
3261,790,0,0
3262,790,0,0
3263,790,0,0
3264,790,0,0
3265,790,0,0
3266,790,0,0
3267,790,0,0
3268,790,0,0
3269,790,0,0
3270,790,0,0
3271,790,0,0
3272,790,0,0
3273,790,0,0
3274,790,0,0
3275,790,0,0
3276,790,0,0
3277,790,0,0
3278,790,0,0
3279,790,0,0
3280,790,0,0
3281,790,0,0
3282,790,0,0
3283,790,0,0
3284,790,0,0
3285,790,0,0
3286,790,0,0
3287,790,0,0
3288,790,0,0
3289,790,0,0
3290,790,0,0
3291,790,0,0
3292,790,0,0
3293,790,0,0
3294,790,0,0
3295,790,0,0
3296,790,0,0
3297,790,0,0
3298,790,0,0
3299,790,0,0
3300,790,0,0
3301,790,0,0
3302,790,0,0
3303,790,0,0
3304,790,0,0
3305,790,0,0
3306,790,0,0
3307,790,0,0
3308,790,0,0
3309,790,0,0
3310,790,0,0
3311,790,0,0
3312,790,0,0
3313,790,0,0
3314,790,0,0
3315,790,0,0
3316,790,0,0
3317,790,0,0
3318,790,0,0
3319,790,0,0
3320,790,0,0
3321,790,0,0
3322,790,0,0
3323,790,0,0
3324,790,0,0
3325,790,0,0
3326,790,0,0
3327,790,0,0
3328,790,0,0
3329,790,0,0
3330,790,0,0
3331,790,0,0
3332,790,0,0
3333,790,0,0
3334,790,0,0
3335,790,0,0
3336,790,0,0
3337,790,0,0
3338,790,0,0
3339,790,0,0
3340,790,0,0
3341,790,0,0
3342,790,0,0
3343,790,0,0
3344,790,0,0
3345,790,0,0
3346,790,0,0
3347,790,0,0
3348,790,0,0
3349,790,0,0
3350,790,0,0
3351,790,0,0
3352,790,0,0
3353,790,0,0
3354,790,0,0
3355,790,0,0
3356,790,0,0
3357,790,0,0
3358,790,0,0
3359,790,0,0
3360,790,0,0
3361,790,0,0
3362,790,0,0
3363,790,0,0
3364,790,0,0
3365,790,0,0
3366,790,0,0
3367,790,0,0
3368,790,0,0
3369,790,0,0
3370,790,0,0
3371,790,0,0
3372,790,0,0
3373,790,0,0
3374,790,0,0
3375,790,0,0
3376,790,0,0
3377,790,0,0
3378,790,0,0
3379,790,0,0
3380,790,0,0
3381,790,0,0
3382,790,0,0
3383,790,0,0
3384,790,0,0
3385,790,0,0
3386,790,0,0
3387,790,0,0
3388,790,0,0
3389,790,0,0
3390,790,0,0
3391,790,0,0
3392,790,0,0
3393,790,0,0
3394,790,0,0
3395,790,0,0
3396,790,0,0
3397,790,0,0
3398,790,0,0
3399,790,0,0
3400,790,0,0
3401,790,0,0
3402,790,0,0
3403,790,0,0
3404,790,0,0
3405,790,0,0
3406,790,0,0
3407,790,0,0
3408,790,0,0
3409,790,0,0
3410,790,0,0
3411,790,0,0
3412,790,0,0
3413,790,0,0
3414,790,0,0
3415,790,0,0
3416,790,0,0
3417,790,0,0
3418,790,0,0
3419,790,0,0
3420,790,0,0
3421,790,0,0
3422,790,0,0
3423,790,0,0
3424,790,0,0
3425,790,0,0
3426,790,0,0
3427,790,0,0
3428,790,0,0
3429,790,0,0
3430,790,0,0
3431,790,0,0
3432,790,0,0
3433,790,0,0
3434,790,0,0
3435,790,0,0
3436,790,0,0
3437,790,0,0
3438,790,0,0
3439,790,0,0
3440,790,0,0
3441,790,0,0
3442,790,0,0
3443,790,0,0
3444,790,0,0
3445,790,0,0
3446,790,0,0
3447,790,0,0
3448,790,0,0
3449,790,0,0
3450,790,0,0
3451,790,0,0
3452,790,0,0
3453,790,0,0
3454,790,0,0
3455,790,0,0
3456,790,0,0
3457,790,0,0
3458,790,0,0
3459,790,0,0
3460,790,0,0
3461,790,0,0
3462,790,0,0
3463,790,0,0
3464,790,0,0
3465,790,0,0
3466,790,0,0
3467,790,0,0
3468,790,0,0
3469,790,0,0
3470,790,0,0
3471,790,0,0
3472,790,0,0
3473,790,0,0
3474,790,0,0
3475,790,0,0
3476,790,0,0
3477,790,0,0
3478,790,0,0
3479,790,0,0
3480,790,0,0
3481,790,0,0
3482,790,0,0
3483,790,0,0
3484,790,0,0
3485,790,0,0
3486,790,0,0
3487,790,0,0
3488,790,0,0
3489,790,0,0
3490,790,0,0
3491,790,0,0
3492,790,0,0
3493,790,0,0
3494,790,0,0
3495,790,0,0
3496,790,0,0
3497,790,0,0
3498,790,0,0
3499,790,0,0
3500,790,0,0
3501,790,0,0
3502,790,0,0
3503,790,0,0
3504,790,0,0
3505,790,0,0
3506,790,0,0
3507,790,0,0
3508,790,0,0
3509,790,0,0
3510,790,0,0
3511,790,0,0
3512,790,0,0
3513,790,0,0
3514,790,0,0
3515,790,0,0
3516,790,0,0
3517,790,0,0
3518,790,0,0
3519,790,0,0
3520,790,0,0
3521,790,0,0
3522,790,0,0
3523,790,0,0
3524,790,0,0
3525,790,0,0
3526,790,0,0
3527,790,0,0
3528,790,0,0
3529,790,0,0
3530,790,0,0
3531,790,0,0
3532,790,0,0
3533,790,0,0
3534,790,0,0
3535,790,0,0
3536,790,0,0
3537,790,0,0
3538,790,0,0
3539,790,0,0
3540,790,0,0
3541,790,0,0
3542,790,0,0
3543,790,0,0
3544,790,0,0
3545,790,0,0
3546,790,0,0
3547,790,0,0
3548,790,0,0
3549,790,0,0
3550,790,0,0
3551,790,0,0
3552,790,0,0
3553,790,0,0
3554,790,0,0
3555,790,0,0
3556,790,0,0
3557,790,0,0
3558,790,0,0
3559,790,0,0
3560,790,0,0
3561,790,0,0
3562,790,0,0
3563,790,0,0
3564,790,0,0
3565,790,0,0
3566,790,0,0
3567,790,0,0
3568,790,0,0
3569,790,0,0
3570,790,0,0
3571,790,0,0
3572,790,0,0
3573,790,0,0
3574,790,0,0
3575,790,0,0
3576,790,0,0
3577,790,0,0
3578,790,0,0
3579,790,0,0
3580,790,0,0
3581,790,0,0
3582,790,0,0
3583,790,0,0
3584,790,0,0
3585,790,0,0
3586,790,0,0
3587,790,0,0
3588,790,0,0
3589,790,0,0
3590,790,0,0
3591,790,0,0
3592,790,0,0
3593,790,0,0
3594,790,0,0
3595,790,0,0
3596,790,0,0
3597,790,0,0
3598,790,0,0
3599,790,0,0
3600,790,0,0
3601,790,0,0
3602,790,0,0
3603,790,0,0
3604,790,0,0
3605,790,0,0
3606,790,0,0
3607,790,0,0
3608,790,0,0
3609,790,0,0
3610,790,0,0
3611,790,0,0
3612,790,0,0
3613,790,0,0
3614,790,0,0
3615,790,0,0
3616,790,0,0
3617,790,0,0
3618,790,0,0
3619,790,0,0
3620,790,0,0
3621,790,0,0
3622,790,0,0
3623,790,0,0
3624,790,0,0
3625,790,0,0
3626,790,0,0
3627,790,0,0
3628,790,0,0
3629,790,0,0
3630,790,0,0
3631,790,0,0
3632,790,0,0
3633,790,0,0
3634,790,0,0
3635,790,0,0
3636,790,0,0
3637,790,0,0
3638,790,0,0
3639,790,0,0
3640,790,0,0
3641,790,0,0
3642,790,0,0
3643,790,0,0
3644,790,0,0
3645,790,0,0
3646,790,0,0
3647,790,0,0
3648,790,0,0
3649,790,0,0
3650,790,0,0
3651,790,0,0
3652,790,0,0
3653,790,0,0
3654,790,0,0
3655,790,0,0
3656,790,0,0
3657,790,0,0
3658,790,0,0
3659,790,0,0
3660,790,0,0
3661,790,0,0
3662,790,0,0
3663,790,0,0
3664,790,0,0
3665,790,0,0
3666,790,0,0
3667,790,0,0
3668,790,0,0
3669,790,0,0
3670,790,0,0
3671,790,0,0
3672,790,0,0
3673,790,0,0
3674,790,0,0
3675,790,0,0
3676,790,0,0
3677,790,0,0
3678,790,0,0
3679,790,0,0
3680,790,0,0
3681,790,0,0
3682,790,0,0
3683,790,0,0
3684,790,0,0
3685,790,0,0
3686,790,0,0
3687,790,0,0
3688,790,0,0
3689,790,0,0
3690,790,0,0
3691,790,0,0
3692,790,0,0
3693,790,0,0
3694,790,0,0
3695,790,0,0
3696,790,0,0
3697,790,0,0
3698,790,0,0
3699,790,0,0
3700,790,0,0
3701,790,0,0
3702,790,0,0
3703,790,0,0
3704,790,0,0
3705,790,0,0
3706,790,0,0
3707,790,0,0
3708,790,0,0
3709,790,0,0
3710,790,0,0
3711,790,0,0
3712,790,0,0
3713,790,0,0
3714,790,0,0
3715,790,0,0
3716,790,0,0
3717,790,0,0
3718,790,0,0
3719,790,0,0
3720,790,0,0
3721,790,0,0
3722,790,0,0
3723,790,0,0
3724,790,0,0
3725,790,0,0
3726,790,0,0
3727,790,0,0
3728,790,0,0
3729,790,0,0
3730,790,0,0
3731,790,0,0
3732,790,0,0
3733,790,0,0
3734,790,0,0
3735,790,0,0
3736,790,0,0
3737,790,0,0
3738,790,0,0
3739,790,0,0
3740,790,0,0
3741,790,0,0
3742,790,0,0
3743,790,0,0
3744,790,0,0
3745,790,0,0
3746,790,0,0
3747,790,0,0
3748,790,0,0
3749,790,0,0
3750,790,0,0
3751,790,0,0
3752,790,0,0
3753,790,0,0
3754,790,0,0
3755,790,0,0
3756,790,0,0
3757,790,0,0
3758,790,0,0
3759,790,0,0
3760,790,0,0
3761,790,0,0
3762,790,0,0
3763,790,0,0
3764,790,0,0
3765,790,0,0
3766,790,0,0
3767,790,0,0
3768,790,0,0
3769,790,0,0
3770,790,0,0
3771,790,0,0
3772,790,0,0
3773,790,0,0
3774,790,0,0
3775,790,0,0
3776,790,0,0
3777,790,0,0
3778,790,0,0
3779,790,0,0
3780,790,0,0
3781,790,0,0
3782,790,0,0
3783,790,0,0
3784,790,0,0
3785,790,0,0
3786,790,0,0
3787,790,0,0
3788,790,0,0
3789,790,0,0
3790,790,0,0
3791,790,0,0
3792,790,0,0
3793,790,0,0
3794,790,0,0
3795,790,0,0
3796,790,0,0
3797,790,0,0
3798,790,0,0
3799,790,0,0
3800,790,0,0
3801,790,0,0
3802,790,0,0
3803,790,0,0
3804,790,0,0
3805,790,0,0
3806,790,0,0
3807,790,0,0
3808,790,0,0
3809,790,0,0
3810,790,0,0
3811,790,0,0
3812,790,0,0
3813,790,0,0
3814,790,0,0
3815,790,0,0
3816,790,0,0
3817,790,0,0
3818,790,0,0
3819,790,0,0
3820,790,0,0
3821,790,0,0
3822,790,0,0
3823,790,0,0
3824,790,0,0
3825,790,0,0
3826,790,0,0
3827,790,0,0
3828,790,0,0
3829,790,0,0
3830,790,0,0
3831,790,0,0
3832,790,0,0
3833,790,0,0
3834,790,0,0
3835,790,0,0
3836,790,0,0
3837,790,0,0
3838,790,0,0
3839,790,0,0
3840,790,0,0
3841,790,0,0
3842,790,0,0
3843,790,0,0
3844,790,0,0
3845,790,0,0
3846,790,0,0
3847,790,0,0
3848,790,0,0
3849,790,0,0
3850,790,0,0
3851,790,0,0
3852,790,0,0
3853,790,0,0
3854,790,0,0
3855,790,0,0
3856,790,0,0
3857,790,0,0
3858,790,0,0
3859,790,0,0
3860,790,0,0
3861,790,0,0
3862,790,0,0
3863,790,0,0
3864,790,0,0
3865,790,0,0
3866,790,0,0
3867,790,0,0
3868,790,0,0
3869,790,0,0
3870,790,0,0
3871,790,0,0
3872,790,0,0
3873,790,0,0
3874,790,0,0
3875,790,0,0
3876,790,0,0
3877,790,0,0
3878,790,0,0
3879,790,0,0
3880,790,0,0
3881,790,0,0
3882,790,0,0
3883,790,0,0
3884,790,0,0
3885,790,0,0
3886,790,0,0
3887,790,0,0
3888,790,0,0
3889,790,0,0
3890,790,0,0
3891,790,0,0
3892,790,0,0
3893,790,0,0
3894,790,0,0
3895,790,0,0
3896,790,0,0
3897,790,0,0
3898,790,0,0
3899,790,0,0
3900,790,0,0
3901,790,0,0
3902,790,0,0
3903,790,0,0
3904,790,0,0
3905,790,0,0
3906,790,0,0
3907,790,0,0
3908,790,0,0
3909,790,0,0
3910,790,0,0
3911,790,0,0
3912,790,0,0
3913,790,0,0
3914,790,0,0
3915,790,0,0
3916,790,0,0
3917,790,0,0
3918,790,0,0
3919,790,0,0
3920,790,0,0
3921,790,0,0
3922,790,0,0
3923,790,0,0
3924,790,0,0
3925,790,0,0
3926,790,0,0
3927,790,0,0
3928,790,0,0
3929,790,0,0
3930,790,0,0
3931,790,0,0
3932,790,0,0
3933,790,0,0
3934,790,0,0
3935,790,0,0
3936,790,0,0
3937,790,0,0
3938,790,0,0
3939,790,0,0
3940,790,0,0
3941,790,0,0
3942,790,0,0
3943,790,0,0
3944,790,0,0
3945,790,0,0
3946,790,0,0
3947,790,0,0
3948,790,0,0
3949,790,0,0
3950,790,0,0
3951,790,0,0
3952,790,0,0
3953,790,0,0
3954,790,0,0
3955,790,0,0
3956,790,0,0
3957,790,0,0
3958,790,0,0
3959,790,0,0
3960,790,0,0
3961,790,0,0
3962,790,0,0
3963,790,0,0
3964,790,0,0
3965,790,0,0
3966,790,0,0
3967,790,0,0
3968,790,0,0
3969,790,0,0
3970,790,0,0
3971,790,0,0
3972,790,0,0
3973,790,0,0
3974,790,0,0
3975,790,0,0
3976,790,0,0
3977,790,0,0
3978,790,0,0
3979,790,0,0
3980,790,0,0
3981,790,0,0
3982,790,0,0
3983,790,0,0
3984,790,0,0
3985,790,0,0
3986,790,0,0
3987,790,0,0
3988,790,0,0
3989,790,0,0
3990,790,0,0
3991,790,0,0
3992,790,0,0
3993,790,0,0
3994,790,0,0
3995,790,0,0
3996,790,0,0
3997,790,0,0
3998,790,0,0
3999,790,0,0
4000,790,0,0
4001,790,0,0
4002,790,0,0
4003,790,0,0
4004,790,0,0
4005,790,0,0
4006,790,0,0
4007,790,0,0
4008,790,0,0
4009,790,0,0
4010,790,0,0
4011,790,0,0
4012,790,0,0
4013,790,0,0
4014,790,0,0
4015,790,0,0
4016,790,0,0
4017,790,0,0
4018,790,0,0
4019,790,0,0
4020,790,0,0
4021,790,0,0
4022,790,0,0
4023,790,0,0
4024,790,0,0
4025,790,0,0
4026,790,0,0
4027,790,0,0
4028,790,0,0
4029,790,0,0
4030,790,0,0
4031,790,0,0
4032,790,0,0
4033,790,0,0
4034,790,0,0
4035,790,0,0
4036,790,0,0
4037,790,0,0
4038,790,0,0
4039,790,0,0
4040,790,0,0
4041,790,0,0
4042,790,0,0
4043,790,0,0
4044,790,0,0
4045,790,0,0
4046,790,0,0
4047,790,0,0
4048,790,0,0
4049,790,0,0
4050,790,0,0
4051,790,0,0
4052,790,0,0
4053,790,0,0
4054,790,0,0
4055,790,0,0
4056,790,0,0
4057,790,0,0
4058,790,0,0
4059,790,0,0
4060,790,0,0
4061,790,0,0
4062,790,0,0
4063,790,0,0
4064,790,0,0
4065,790,0,0
4066,790,0,0
4067,790,0,0
4068,790,0,0
4069,790,0,0
4070,790,0,0
4071,790,0,0
4072,790,0,0
4073,790,0,0
4074,790,0,0
4075,790,0,0
4076,790,0,0
4077,790,0,0
4078,790,0,0
4079,790,0,0
4080,790,0,0
4081,790,0,0
4082,790,0,0
4083,790,0,0
4084,790,0,0
4085,790,0,0
4086,790,0,0
4087,790,0,0
4088,790,0,0
4089,790,0,0
4090,790,0,0
4091,790,0,0
4092,790,0,0
4093,790,0,0
4094,790,0,0
4095,790,0,0
4096,790,0,0
4097,790,0,0
4098,790,0,0
4099,790,0,0
4100,790,0,0
4101,790,0,0
4102,790,0,0
4103,790,0,0
4104,790,0,0
4105,790,0,0
4106,790,0,0
4107,790,0,0
4108,790,0,0
4109,790,0,0
4110,790,0,0
4111,790,0,0
4112,790,0,0
4113,790,0,0
4114,790,0,0
4115,790,0,0
4116,790,0,0
4117,790,0,0
4118,790,0,0
4119,790,0,0
4120,790,0,0
4121,790,0,0
4122,790,0,0
4123,790,0,0
4124,790,0,0
4125,790,0,0
4126,790,0,0
4127,790,0,0
4128,790,0,0
4129,790,0,0
4130,790,0,0
4131,790,0,0
4132,790,0,0
4133,790,0,0
4134,790,0,0
4135,790,0,0
4136,790,0,0
4137,790,0,0
4138,790,0,0
4139,790,0,0
4140,790,0,0
4141,790,0,0
4142,790,0,0
4143,790,0,0
4144,790,0,0
4145,790,0,0
4146,790,0,0
4147,790,0,0
4148,790,0,0
4149,790,0,0
4150,790,0,0
4151,790,0,0
4152,790,0,0
4153,790,0,0
4154,790,0,0
4155,790,0,0
4156,790,0,0
4157,790,0,0
4158,790,0,0
4159,790,0,0
4160,790,0,0
4161,790,0,0
4162,790,0,0
4163,790,0,0
4164,790,0,0
4165,790,0,0
4166,790,0,0
4167,790,0,0
4168,790,0,0
4169,790,0,0
4170,790,0,0
4171,790,0,0
4172,790,0,0
4173,790,0,0
4174,790,0,0
4175,790,0,0
4176,790,0,0
4177,790,0,0
4178,790,0,0
4179,790,0,0
4180,790,0,0
4181,790,0,0
4182,790,0,0
4183,790,0,0
4184,790,0,0
4185,790,0,0
4186,790,0,0
4187,790,0,0
4188,790,0,0
4189,790,0,0
4190,790,0,0
4191,790,0,0
4192,790,0,0
4193,790,0,0
4194,790,0,0
4195,790,0,0
4196,790,0,0
4197,790,0,0
4198,790,0,0
4199,790,0,0
4200,790,0,0
4201,790,0,0
4202,790,0,0
4203,790,0,0
4204,790,0,0
4205,790,0,0
4206,790,0,0
4207,790,0,0
4208,790,0,0
4209,790,0,0
4210,790,0,0
4211,790,0,0
4212,790,0,0
4213,790,0,0
4214,790,0,0
4215,790,0,0
4216,790,0,0
4217,790,0,0
4218,790,0,0
4219,790,0,0
4220,790,0,0
4221,790,0,0
4222,790,0,0
4223,790,0,0
4224,790,0,0
4225,790,0,0
4226,790,0,0
4227,790,0,0
4228,790,0,0
4229,790,0,0
4230,790,0,0
4231,790,0,0
4232,790,0,0
4233,790,0,0
4234,790,0,0
4235,790,0,0
4236,790,0,0
4237,790,0,0
4238,790,0,0
4239,790,0,0
4240,790,0,0
4241,790,0,0
4242,790,0,0
4243,790,0,0
4244,790,0,0
4245,790,0,0
4246,790,0,0
4247,790,0,0
4248,790,0,0
4249,790,0,0
4250,790,0,0
4251,790,0,0
4252,790,0,0
4253,790,0,0
4254,790,0,0
4255,790,0,0
4256,790,0,0
4257,790,0,0
4258,790,0,0
4259,790,0,0
4260,790,0,0
4261,790,0,0
4262,790,0,0
4263,790,0,0
4264,790,0,0
4265,790,0,0
4266,790,0,0
4267,790,0,0
4268,790,0,0
4269,790,0,0
4270,790,0,0
4271,790,0,0
4272,790,0,0
4273,790,0,0
4274,790,0,0
4275,790,0,0
4276,790,0,0
4277,790,0,0
4278,790,0,0
4279,790,0,0
4280,790,0,0
4281,790,0,0
4282,790,0,0
4283,790,0,0
4284,790,0,0
4285,790,0,0
4286,790,0,0
4287,790,0,0
4288,790,0,0
4289,790,0,0
4290,790,0,0
4291,790,0,0
4292,790,0,0
4293,790,0,0
4294,790,0,0
4295,790,0,0
4296,790,0,0
4297,790,0,0
4298,790,0,0
4299,790,0,0
4300,790,0,0
4301,790,0,0
4302,790,0,0
4303,790,0,0
4304,790,0,0
4305,790,0,0
4306,790,0,0
4307,790,0,0
4308,790,0,0
4309,790,0,0
4310,790,0,0
4311,790,0,0
4312,790,0,0
4313,790,0,0
4314,790,0,0
4315,790,0,0
4316,790,0,0
4317,790,0,0
4318,790,0,0
4319,790,0,0
4320,790,0,0
4321,790,0,0
4322,790,0,0
4323,790,0,0
4324,790,0,0
4325,790,0,0
4326,790,0,0
4327,790,0,0
4328,790,0,0
4329,790,0,0
4330,790,0,0
4331,790,0,0
4332,790,0,0
4333,790,0,0
4334,790,0,0
4335,790,0,0
4336,790,0,0
4337,790,0,0
4338,790,0,0
4339,790,0,0
4340,790,0,0
4341,790,0,0
4342,790,0,0
4343,790,0,0
4344,790,0,0
4345,790,0,0
4346,790,0,0
4347,790,0,0
4348,790,0,0
4349,790,0,0
4350,790,0,0
4351,790,0,0
4352,790,0,0
4353,790,0,0
4354,790,0,0
4355,790,0,0
4356,790,0,0
4357,790,0,0
4358,790,0,0
4359,790,0,0
4360,790,0,0
4361,790,0,0
4362,790,0,0
4363,790,0,0
4364,790,0,0
4365,790,0,0
4366,790,0,0
4367,790,0,0
4368,790,0,0
4369,790,0,0
4370,790,0,0
4371,790,0,0
4372,790,0,0
4373,790,0,0
4374,790,0,0
4375,790,0,0
4376,790,0,0
4377,790,0,0
4378,790,0,0
4379,790,0,0
4380,790,0,0
4381,790,0,0
4382,790,0,0
4383,790,0,0
4384,790,0,0
4385,790,0,0
4386,790,0,0
4387,790,0,0
4388,790,0,0
4389,790,0,0
4390,790,0,0
4391,790,0,0
4392,790,0,0
4393,790,0,0
4394,790,0,0
4395,790,0,0
4396,790,0,0
4397,790,0,0
4398,790,0,0
4399,790,0,0
4400,790,0,0
4401,790,0,0
4402,790,0,0
4403,790,0,0
4404,790,0,0
4405,790,0,0
4406,790,0,0
4407,790,0,0
4408,790,0,0
4409,790,0,0
4410,790,0,0
4411,790,0,0
4412,790,0,0
4413,790,0,0
4414,790,0,0
4415,790,0,0
4416,790,0,0
4417,790,0,0
4418,790,0,0
4419,790,0,0
4420,790,0,0
4421,790,0,0
4422,790,0,0
4423,790,0,0
4424,790,0,0
4425,790,0,0
4426,790,0,0
4427,790,0,0
4428,790,0,0
4429,790,0,0
4430,790,0,0
4431,790,0,0
4432,790,0,0
4433,790,0,0
4434,790,0,0
4435,790,0,0
4436,790,0,0
4437,790,0,0
4438,790,0,0
4439,790,0,0
4440,790,0,0
4441,790,0,0
4442,790,0,0
4443,790,0,0
4444,790,0,0
4445,790,0,0
4446,790,0,0
4447,790,0,0
4448,790,0,0
4449,790,0,0
4450,790,0,0
4451,790,0,0
4452,790,0,0
4453,790,0,0
4454,790,0,0
4455,790,0,0
4456,790,0,0
4457,790,0,0
4458,790,0,0
4459,790,0,0
4460,790,0,0
4461,790,0,0
4462,790,0,0
4463,790,0,0
4464,790,0,0
4465,790,0,0
4466,790,0,0
4467,790,0,0
4468,790,0,0
4469,790,0,0
4470,790,0,0
4471,790,0,0
4472,790,0,0
4473,790,0,0
4474,790,0,0
4475,790,0,0
4476,790,0,0
4477,790,0,0
4478,790,0,0
4479,790,0,0
4480,790,0,0
4481,790,0,0
4482,790,0,0
4483,790,0,0
4484,790,0,0
4485,790,0,0
4486,790,0,0
4487,790,0,0
4488,790,0,0
4489,790,0,0
4490,790,0,0
4491,790,0,0
4492,790,0,0
4493,790,0,0
4494,790,0,0
4495,790,0,0
4496,790,0,0
4497,790,0,0
4498,790,0,0
4499,790,0,0
4500,790,0,0
4501,790,0,0
4502,790,0,0
4503,790,0,0
4504,790,0,0
4505,790,0,0
4506,790,0,0
4507,790,0,0
4508,790,0,0
4509,790,0,0
4510,790,0,0
4511,790,0,0
4512,790,0,0
4513,790,0,0
4514,790,0,0
4515,790,0,0
4516,790,0,0
4517,790,0,0
4518,790,0,0
4519,790,0,0
4520,790,0,0
4521,790,0,0
4522,790,0,0
4523,790,0,0
4524,790,0,0
4525,790,0,0
4526,790,0,0
4527,790,0,0
4528,790,0,0
4529,790,0,0
4530,790,0,0
4531,790,0,0
4532,790,0,0
4533,790,0,0
4534,790,0,0
4535,790,0,0
4536,790,0,0
4537,790,0,0
4538,790,0,0
4539,790,0,0
4540,790,0,0
4541,790,0,0
4542,790,0,0
4543,790,0,0
4544,790,0,0
4545,790,0,0
4546,790,0,0
4547,790,0,0
4548,790,0,0
4549,790,0,0
4550,790,0,0
4551,790,0,0
4552,790,0,0
4553,790,0,0
4554,790,0,0
4555,790,0,0
4556,790,0,0
4557,790,0,0
4558,790,0,0
4559,790,0,0
4560,790,0,0
4561,790,0,0
4562,790,0,0
4563,790,0,0
4564,790,0,0
4565,790,0,0
4566,790,0,0
4567,790,0,0
4568,790,0,0
4569,790,0,0
4570,790,0,0
4571,790,0,0
4572,790,0,0
4573,790,0,0
4574,790,0,0
4575,790,0,0
4576,790,0,0
4577,790,0,0
4578,790,0,0
4579,790,0,0
4580,790,0,0
4581,790,0,0
4582,790,0,0
4583,790,0,0
4584,790,0,0
4585,790,0,0
4586,790,0,0
4587,790,0,0
4588,790,0,0
4589,790,0,0
4590,790,0,0
4591,790,0,0
4592,790,0,0
4593,790,0,0
4594,790,0,0
4595,790,0,0
4596,790,0,0
4597,790,0,0
4598,790,0,0
4599,790,0,0
4600,790,0,0
4601,790,0,0
4602,790,0,0
4603,790,0,0
4604,790,0,0
4605,790,0,0
4606,790,0,0
4607,790,0,0
4608,790,0,0
4609,790,0,0
4610,790,0,0
4611,790,0,0
4612,790,0,0
4613,790,0,0
4614,790,0,0
4615,790,0,0
4616,790,0,0
4617,790,0,0
4618,790,0,0
4619,790,0,0
4620,790,0,0
4621,790,0,0
4622,790,0,0
4623,790,0,0
4624,790,0,0
4625,790,0,0
4626,790,0,0
4627,790,0,0
4628,790,0,0
4629,790,0,0
4630,790,0,0
4631,790,0,0
4632,790,0,0
4633,790,0,0
4634,790,0,0
4635,790,0,0
4636,790,0,0
4637,790,0,0
4638,790,0,0
4639,790,0,0
4640,790,0,0
4641,790,0,0
4642,790,0,0
4643,790,0,0
4644,790,0,0
4645,790,0,0
4646,790,0,0
4647,790,0,0
4648,790,0,0
4649,790,0,0
4650,790,0,0
4651,790,0,0
4652,790,0,0
4653,790,0,0
4654,790,0,0
4655,790,0,0
4656,790,0,0
4657,790,0,0
4658,790,0,0
4659,790,0,0
4660,790,0,0
4661,790,0,0
4662,790,0,0
4663,790,0,0
4664,790,0,0
4665,790,0,0
4666,790,0,0
4667,790,0,0
4668,790,0,0
4669,790,0,0
4670,790,0,0
4671,790,0,0
4672,790,0,0
4673,790,0,0
4674,790,0,0
4675,790,0,0
4676,790,0,0
4677,790,0,0
4678,790,0,0
4679,790,0,0
4680,790,0,0
4681,790,0,0
4682,790,0,0
4683,790,0,0
4684,790,0,0
4685,790,0,0
4686,790,0,0
4687,790,0,0
4688,790,0,0
4689,790,0,0
4690,790,0,0
4691,790,0,0
4692,790,0,0
4693,790,0,0
4694,790,0,0
4695,790,0,0
4696,790,0,0
4697,790,0,0
4698,790,0,0
4699,790,0,0
4700,790,0,0
4701,790,0,0
4702,790,0,0
4703,790,0,0
4704,790,0,0
4705,790,0,0
4706,790,0,0
4707,790,0,0
4708,790,0,0
4709,790,0,0
4710,790,0,0
4711,790,0,0
4712,790,0,0
4713,790,0,0
4714,790,0,0
4715,790,0,0
4716,790,0,0
4717,790,0,0
4718,790,0,0
4719,790,0,0
4720,790,0,0
4721,790,0,0
4722,790,0,0
4723,790,0,0
4724,790,0,0
4725,790,0,0
4726,790,0,0
4727,790,0,0
4728,790,0,0
4729,790,0,0
4730,790,0,0
4731,790,0,0
4732,790,0,0
4733,790,0,0
4734,790,0,0
4735,790,0,0
4736,790,0,0
4737,790,0,0
4738,790,0,0
4739,790,0,0
4740,790,0,0
4741,790,0,0
4742,790,0,0
4743,790,0,0
4744,790,0,0
4745,790,0,0
4746,790,0,0
4747,790,0,0
4748,790,0,0
4749,790,0,0
4750,790,0,0
4751,790,0,0
4752,790,0,0
4753,790,0,0
4754,790,0,0
4755,790,0,0
4756,790,0,0
4757,790,0,0
4758,790,0,0
4759,790,0,0
4760,790,0,0
4761,790,0,0
4762,790,0,0
4763,790,0,0
4764,790,0,0
4765,790,0,0
4766,790,0,0
4767,790,0,0
4768,790,0,0
4769,790,0,0
4770,790,0,0
4771,790,0,0
4772,790,0,0
4773,790,0,0
4774,790,0,0
4775,790,0,0
4776,790,0,0
4777,790,0,0
4778,790,0,0
4779,790,0,0
4780,790,0,0
4781,790,0,0
4782,790,0,0
4783,790,0,0
4784,790,0,0
4785,790,0,0
4786,790,0,0
4787,790,0,0
4788,790,0,0
4789,790,0,0
4790,790,0,0
4791,790,0,0
4792,790,0,0
4793,790,0,0
4794,790,0,0
4795,790,0,0
4796,790,0,0
4797,790,0,0
4798,790,0,0
4799,790,0,0
4800,790,0,0
4801,790,0,0
4802,790,0,0
4803,790,0,0
4804,790,0,0
4805,790,0,0
4806,790,0,0
4807,790,0,0
4808,790,0,0
4809,790,0,0
4810,790,0,0
4811,790,0,0
4812,790,0,0
4813,790,0,0
4814,790,0,0
4815,790,0,0
4816,790,0,0
4817,790,0,0
4818,790,0,0
4819,790,0,0
4820,790,0,0
4821,790,0,0
4822,790,0,0
4823,790,0,0
4824,790,0,0
4825,790,0,0
4826,790,0,0
4827,790,0,0
4828,790,0,0
4829,790,0,0
4830,790,0,0
4831,790,0,0
4832,790,0,0
4833,790,0,0
4834,790,0,0
4835,790,0,0
4836,790,0,0
4837,790,0,0
4838,790,0,0
4839,790,0,0
4840,790,0,0
4841,790,0,0
4842,790,0,0
4843,790,0,0
4844,790,0,0
4845,790,0,0
4846,790,0,0
4847,790,0,0
4848,790,0,0
4849,790,0,0
4850,790,0,0
4851,790,0,0
4852,790,0,0
4853,790,0,0
4854,790,0,0
4855,790,0,0
4856,790,0,0
4857,790,0,0
4858,790,0,0
4859,790,0,0
4860,790,0,0
4861,790,0,0
4862,790,0,0
4863,790,0,0
4864,790,0,0
4865,790,0,0
4866,790,0,0
4867,790,0,0
4868,790,0,0
4869,790,0,0
4870,790,0,0
4871,790,0,0
4872,790,0,0
4873,790,0,0
4874,790,0,0
4875,790,0,0
4876,790,0,0
4877,790,0,0
4878,790,0,0
4879,790,0,0
4880,790,0,0
4881,790,0,0
4882,790,0,0
4883,790,0,0
4884,790,0,0
4885,790,0,0
4886,790,0,0
4887,790,0,0
4888,790,0,0
4889,790,0,0
4890,790,0,0
4891,790,0,0
4892,790,0,0
4893,790,0,0
4894,790,0,0
4895,790,0,0
4896,790,0,0
4897,790,0,0
4898,790,0,0
4899,790,0,0
4900,790,0,0
4901,790,0,0
4902,790,0,0
4903,790,0,0
4904,790,0,0
4905,790,0,0
4906,790,0,0
4907,790,0,0
4908,790,0,0
4909,790,0,0
4910,790,0,0
4911,790,0,0
4912,790,0,0
4913,790,0,0
4914,790,0,0
4915,790,0,0
4916,790,0,0
4917,790,0,0
4918,790,0,0
4919,790,0,0
4920,790,0,0
4921,790,0,0
4922,790,0,0
4923,790,0,0
4924,790,0,0
4925,790,0,0
4926,790,0,0
4927,790,0,0
4928,790,0,0
4929,790,0,0
4930,790,0,0
4931,790,0,0
4932,790,0,0
4933,790,0,0
4934,790,0,0
4935,790,0,0
4936,790,0,0
4937,790,0,0
4938,790,0,0
4939,790,0,0
4940,790,0,0
4941,790,0,0
4942,790,0,0
4943,790,0,0
4944,790,0,0
4945,790,0,0
4946,790,0,0
4947,790,0,0
4948,790,0,0
4949,790,0,0
4950,790,0,0
4951,790,0,0
4952,790,0,0
4953,790,0,0
4954,790,0,0
4955,790,0,0
4956,790,0,0
4957,790,0,0
4958,790,0,0
4959,790,0,0
4960,790,0,0
4961,790,0,0
4962,790,0,0
4963,790,0,0
4964,790,0,0
4965,790,0,0
4966,790,0,0
4967,790,0,0
4968,790,0,0
4969,790,0,0
4970,790,0,0
4971,790,0,0
4972,790,0,0
4973,790,0,0
4974,790,0,0
4975,790,0,0
4976,790,0,0
4977,790,0,0
4978,790,0,0
4979,790,0,0
4980,790,0,0
4981,790,0,0
4982,790,0,0
4983,790,0,0
4984,790,0,0
4985,790,0,0
4986,790,0,0
4987,790,0,0
4988,790,0,0
4989,790,0,0
4990,790,0,0
4991,790,0,0
4992,790,0,0
4993,790,0,0
4994,790,0,0
4995,790,0,0
4996,790,0,0
4997,790,0,0
4998,790,0,0
4999,790,0,0
5000,790,0,0
5001,790,0,0
5002,790,0,0
5003,790,0,0
5004,790,0,0
5005,790,0,0
5006,790,0,0
5007,790,0,0
5008,790,0,0
5009,790,0,0
5010,790,0,0
5011,790,0,0
5012,790,0,0
5013,790,0,0
5014,790,0,0
5015,790,0,0
5016,790,0,0
5017,790,0,0
5018,790,0,0
5019,790,0,0
5020,790,0,0
5021,790,0,0
5022,790,0,0
5023,790,0,0
5024,790,0,0
5025,790,0,0
5026,790,0,0
5027,790,0,0
5028,790,0,0
5029,790,0,0
5030,790,0,0
5031,790,0,0
5032,790,0,0
5033,790,0,0
5034,790,0,0
5035,790,0,0
5036,790,0,0
5037,790,0,0
5038,790,0,0
5039,790,0,0
5040,790,0,0
5041,790,0,0
5042,790,0,0
5043,790,0,0
5044,790,0,0
5045,790,0,0
5046,790,0,0
5047,790,0,0
5048,790,0,0
5049,790,0,0
5050,790,0,0
5051,790,0,0
5052,790,0,0
5053,790,0,0
5054,790,0,0
5055,790,0,0
5056,790,0,0
5057,790,0,0
5058,790,0,0
5059,790,0,0
5060,790,0,0
5061,790,0,0
5062,790,0,0
5063,790,0,0
5064,790,0,0
5065,790,0,0
5066,790,0,0
5067,790,0,0
5068,790,0,0
5069,790,0,0
5070,790,0,0
5071,790,0,0
5072,790,0,0
5073,790,0,0
5074,790,0,0
5075,790,0,0
5076,790,0,0
5077,790,0,0
5078,790,0,0
5079,790,0,0
5080,790,0,0
5081,790,0,0
5082,790,0,0
5083,790,0,0
5084,790,0,0
5085,790,0,0
5086,790,0,0
5087,790,0,0
5088,790,0,0
5089,790,0,0
5090,790,0,0
5091,790,0,0
5092,790,0,0
5093,790,0,0
5094,790,0,0
5095,790,0,0
5096,790,0,0
5097,790,0,0
5098,790,0,0
5099,790,0,0
5100,790,0,0
5101,790,0,0
5102,790,0,0
5103,790,0,0
5104,790,0,0
5105,790,0,0
5106,790,0,0
5107,790,0,0
5108,790,0,0
5109,790,0,0
5110,790,0,0
5111,790,0,0
5112,790,0,0
5113,790,0,0
5114,790,0,0
5115,790,0,0
5116,790,0,0
5117,790,0,0
5118,790,0,0
5119,790,0,0
5120,790,0,0
5121,790,0,0
5122,790,0,0
5123,790,0,0
5124,790,0,0
5125,790,0,0
5126,790,0,0
5127,790,0,0
5128,790,0,0
5129,790,0,0
5130,790,0,0
5131,790,0,0
5132,790,0,0
5133,790,0,0
5134,790,0,0
5135,790,0,0
5136,790,0,0
5137,790,0,0
5138,790,0,0
5139,790,0,0
5140,790,0,0
5141,790,0,0
5142,790,0,0
5143,790,0,0
5144,790,0,0
5145,790,0,0
5146,790,0,0
5147,790,0,0
5148,790,0,0
5149,790,0,0
5150,790,0,0
5151,790,0,0
5152,790,0,0
5153,790,0,0
5154,790,0,0
5155,790,0,0
5156,790,0,0
5157,790,0,0
5158,790,0,0
5159,790,0,0
5160,790,0,0
5161,790,0,0
5162,790,0,0
5163,790,0,0
5164,790,0,0
5165,790,0,0
5166,790,0,0
5167,790,0,0
5168,790,0,0
5169,790,0,0
5170,790,0,0
5171,790,0,0
5172,790,0,0
5173,790,0,0
5174,790,0,0
5175,790,0,0
5176,790,0,0
5177,790,0,0
5178,790,0,0
5179,790,0,0
5180,790,0,0
5181,790,0,0
5182,790,0,0
5183,790,0,0
5184,790,0,0
5185,790,0,0
5186,790,0,0
5187,790,0,0
5188,790,0,0
5189,790,0,0
5190,790,0,0
5191,790,0,0
5192,790,0,0
5193,790,0,0
5194,790,0,0
5195,790,0,0
5196,790,0,0
5197,790,0,0
5198,790,0,0
5199,790,0,0
5200,790,0,0
5201,790,0,0
5202,790,0,0
5203,790,0,0
5204,790,0,0
5205,790,0,0
5206,790,0,0
5207,790,0,0
5208,790,0,0
5209,790,0,0
5210,790,0,0
5211,790,0,0
5212,790,0,0
5213,790,0,0
5214,790,0,0
5215,790,0,0
5216,790,0,0
5217,790,0,0
5218,790,0,0
5219,790,0,0
5220,790,0,0
5221,790,0,0
5222,790,0,0
5223,790,0,0
5224,790,0,0
5225,790,0,0
5226,790,0,0
5227,790,0,0
5228,790,0,0
5229,790,0,0
5230,790,0,0
5231,790,0,0
5232,790,0,0
5233,790,0,0
5234,790,0,0
5235,790,0,0
5236,790,0,0
5237,790,0,0
5238,790,0,0
5239,790,0,0
5240,790,0,0
5241,790,0,0
5242,790,0,0
5243,790,0,0
5244,790,0,0
5245,790,0,0
5246,790,0,0
5247,790,0,0
5248,790,0,0
5249,790,0,0
5250,790,0,0
5251,790,0,0
5252,790,0,0
5253,790,0,0
5254,790,0,0
5255,790,0,0
5256,790,0,0
5257,790,0,0
5258,790,0,0
5259,790,0,0
5260,790,0,0
5261,790,0,0
5262,790,0,0
5263,790,0,0
5264,790,0,0
5265,790,0,0
5266,790,0,0
5267,790,0,0
5268,790,0,0
5269,790,0,0
5270,790,0,0
5271,790,0,0
5272,790,0,0
5273,790,0,0
5274,790,0,0
5275,790,0,0
5276,790,0,0
5277,790,0,0
5278,790,0,0
5279,790,0,0
5280,790,0,0
5281,790,0,0
5282,790,0,0
5283,790,0,0
5284,790,0,0
5285,790,0,0
5286,790,0,0
5287,790,0,0
5288,790,0,0
5289,790,0,0
5290,790,0,0
5291,790,0,0
5292,790,0,0
5293,790,0,0
5294,790,0,0
5295,790,0,0
5296,790,0,0
5297,790,0,0
5298,790,0,0
5299,790,0,0
5300,790,0,0
5301,790,0,0
5302,790,0,0
5303,790,0,0
5304,790,0,0
5305,790,0,0
5306,790,0,0
5307,790,0,0
5308,790,0,0
5309,790,0,0
5310,790,0,0
5311,790,0,0
5312,790,0,0
5313,790,0,0
5314,790,0,0
5315,790,0,0
5316,790,0,0
5317,790,0,0
5318,790,0,0
5319,790,0,0
5320,790,0,0
5321,790,0,0
5322,790,0,0
5323,790,0,0
5324,790,0,0
5325,790,0,0
5326,790,0,0
5327,790,0,0
5328,790,0,0
5329,790,0,0
5330,790,0,0
5331,790,0,0
5332,790,0,0
5333,790,0,0
5334,790,0,0
5335,790,0,0
5336,790,0,0
5337,790,0,0
5338,790,0,0
5339,790,0,0
5340,790,0,0
5341,790,0,0
5342,790,0,0
5343,790,0,0
5344,790,0,0
5345,790,0,0
5346,790,0,0
5347,790,0,0
5348,790,0,0
5349,790,0,0
5350,790,0,0
5351,790,0,0
5352,790,0,0
5353,790,0,0
5354,790,0,0
5355,790,0,0
5356,790,0,0
5357,790,0,0
5358,790,0,0
5359,790,0,0
5360,790,0,0
5361,790,0,0
5362,790,0,0
5363,790,0,0
5364,790,0,0
5365,790,0,0
5366,790,0,0
5367,790,0,0
5368,790,0,0
5369,790,0,0
5370,790,0,0
5371,790,0,0
5372,790,0,0
5373,790,0,0
5374,790,0,0
5375,790,0,0
5376,790,0,0
5377,790,0,0
5378,790,0,0
5379,790,0,0
5380,790,0,0
5381,790,0,0
5382,790,0,0
5383,790,0,0
5384,790,0,0
5385,790,0,0
5386,790,0,0
5387,790,0,0
5388,790,0,0
5389,790,0,0
5390,790,0,0
5391,790,0,0
5392,790,0,0
5393,790,0,0
5394,790,0,0
5395,790,0,0
5396,790,0,0
5397,790,0,0
5398,790,0,0
5399,790,0,0
5400,790,0,0
5401,790,0,0
5402,790,0,0
5403,790,0,0
5404,790,0,0
5405,790,0,0
5406,790,0,0
5407,790,0,0
5408,790,0,0
5409,790,0,0
5410,790,0,0
5411,790,0,0
5412,790,0,0
5413,790,0,0
5414,790,0,0
5415,790,0,0
5416,790,0,0
5417,790,0,0
5418,790,0,0
5419,790,0,0
5420,790,0,0
5421,790,0,0
5422,790,0,0
5423,790,0,0
5424,790,0,0
5425,790,0,0
5426,790,0,0
5427,790,0,0
5428,790,0,0
5429,790,0,0
5430,790,0,0
5431,790,0,0
5432,790,0,0
5433,790,0,0
5434,790,0,0
5435,790,0,0
5436,790,0,0
5437,790,0,0
5438,790,0,0
5439,790,0,0
5440,790,0,0
5441,790,0,0
5442,790,0,0
5443,790,0,0
5444,790,0,0
5445,790,0,0
5446,790,0,0
5447,790,0,0
5448,790,0,0
5449,790,0,0
5450,790,0,0
5451,790,0,0
5452,790,0,0
5453,790,0,0
5454,790,0,0
5455,790,0,0
5456,790,0,0
5457,790,0,0
5458,790,0,0
5459,790,0,0
5460,790,0,0
5461,790,0,0
5462,790,0,0
5463,790,0,0
5464,790,0,0
5465,790,0,0
5466,790,0,0
5467,790,0,0
5468,790,0,0
5469,790,0,0
5470,790,0,0
5471,790,0,0
5472,790,0,0
5473,790,0,0
5474,790,0,0
5475,790,0,0
5476,790,0,0
5477,790,0,0
5478,790,0,0
5479,790,0,0
5480,790,0,0
5481,790,0,0
5482,790,0,0
5483,790,0,0
5484,790,0,0
5485,790,0,0
5486,790,0,0
5487,790,0,0
5488,790,0,0
5489,790,0,0
5490,790,0,0
5491,790,0,0
5492,790,0,0
5493,790,0,0
5494,790,0,0
5495,790,0,0
5496,790,0,0
5497,790,0,0
5498,790,0,0
5499,790,0,0
5500,790,0,0
5501,790,0,0
5502,790,0,0
5503,790,0,0
5504,790,0,0
5505,790,0,0
5506,790,0,0
5507,790,0,0
5508,790,0,0
5509,790,0,0
5510,790,0,0
5511,790,0,0
5512,790,0,0
5513,790,0,0
5514,790,0,0
5515,790,0,0
5516,790,0,0
5517,790,0,0
5518,790,0,0
5519,790,0,0
5520,790,0,0
5521,790,0,0
5522,790,0,0
5523,790,0,0
5524,790,0,0
5525,790,0,0
5526,790,0,0
5527,790,0,0
5528,790,0,0
5529,790,0,0
5530,790,0,0
5531,790,0,0
5532,790,0,0
5533,790,0,0
5534,790,0,0
5535,790,0,0
5536,790,0,0
5537,790,0,0
5538,790,0,0
5539,790,0,0
5540,790,0,0
5541,790,0,0
5542,790,0,0
5543,790,0,0
5544,790,0,0
5545,790,0,0
5546,790,0,0
5547,790,0,0
5548,790,0,0
5549,790,0,0
5550,790,0,0
5551,790,0,0
5552,790,0,0
5553,790,0,0
5554,790,0,0
5555,790,0,0
5556,790,0,0
5557,790,0,0
5558,790,0,0
5559,790,0,0
5560,790,0,0
5561,790,0,0
5562,790,0,0
5563,790,0,0
5564,790,0,0
5565,790,0,0
5566,790,0,0
5567,790,0,0
5568,790,0,0
5569,790,0,0
5570,790,0,0
5571,790,0,0
5572,790,0,0
5573,790,0,0
5574,790,0,0
5575,790,0,0
5576,790,0,0
5577,790,0,0
5578,790,0,0
5579,790,0,0
5580,790,0,0
5581,790,0,0
5582,790,0,0
5583,790,0,0
5584,790,0,0
5585,790,0,0
5586,790,0,0
5587,790,0,0
5588,790,0,0
5589,790,0,0
5590,790,0,0
5591,790,0,0
5592,790,0,0
5593,790,0,0
5594,790,0,0
5595,790,0,0
5596,790,0,0
5597,790,0,0
5598,790,0,0
5599,790,0,0
5600,790,0,0
5601,790,0,0
5602,790,0,0
5603,790,0,0
5604,790,0,0
5605,790,0,0
5606,790,0,0
5607,790,0,0
5608,790,0,0
5609,790,0,0
5610,790,0,0
5611,790,0,0
5612,790,0,0
5613,790,0,0
5614,790,0,0
5615,790,0,0
5616,790,0,0
5617,790,0,0
5618,790,0,0
5619,790,0,0
5620,790,0,0
5621,790,0,0
5622,790,0,0
5623,790,0,0
5624,790,0,0
5625,790,0,0
5626,790,0,0
5627,790,0,0
5628,790,0,0
5629,790,0,0
5630,790,0,0
5631,790,0,0
5632,790,0,0
5633,790,0,0
5634,790,0,0
5635,790,0,0
5636,790,0,0
5637,790,0,0
5638,790,0,0
5639,790,0,0
5640,790,0,0
5641,790,0,0
5642,790,0,0
5643,790,0,0
5644,790,0,0
5645,790,0,0
5646,790,0,0
5647,790,0,0
5648,790,0,0
5649,790,0,0
5650,790,0,0
5651,790,0,0
5652,790,0,0
5653,790,0,0
5654,790,0,0
5655,790,0,0
5656,790,0,0
5657,790,0,0
5658,790,0,0
5659,790,0,0
5660,790,0,0
5661,790,0,0
5662,790,0,0
5663,790,0,0
5664,790,0,0
5665,790,0,0
5666,790,0,0
5667,790,0,0
5668,790,0,0
5669,790,0,0
5670,790,0,0
5671,790,0,0
5672,790,0,0
5673,790,0,0
5674,790,0,0
5675,790,0,0
5676,790,0,0
5677,790,0,0
5678,790,0,0
5679,790,0,0
5680,790,0,0
5681,790,0,0
5682,790,0,0
5683,790,0,0
5684,790,0,0
5685,790,0,0
5686,790,0,0
5687,790,0,0
5688,790,0,0
5689,790,0,0
5690,790,0,0
5691,790,0,0
5692,790,0,0
5693,790,0,0
5694,790,0,0
5695,790,0,0
5696,790,0,0
5697,790,0,0
5698,790,0,0
5699,790,0,0
5700,790,0,0
5701,790,0,0
5702,790,0,0
5703,790,0,0
5704,790,0,0
5705,790,0,0
5706,790,0,0
5707,790,0,0
5708,790,0,0
5709,790,0,0
5710,790,0,0
5711,790,0,0
5712,790,0,0
5713,790,0,0
5714,790,0,0
5715,790,0,0
5716,790,0,0
5717,790,0,0
5718,790,0,0
5719,790,0,0
5720,790,0,0
5721,790,0,0
5722,790,0,0
5723,790,0,0
5724,790,0,0
5725,790,0,0
5726,790,0,0
5727,790,0,0
5728,790,0,0
5729,790,0,0
5730,790,0,0
5731,790,0,0
5732,790,0,0
5733,790,0,0
5734,790,0,0
5735,790,0,0
5736,790,0,0
5737,790,0,0
5738,790,0,0
5739,790,0,0
5740,790,0,0
5741,790,0,0
5742,790,0,0
5743,790,0,0
5744,790,0,0
5745,790,0,0
5746,790,0,0
5747,790,0,0
5748,790,0,0
5749,790,0,0
5750,790,0,0
5751,790,0,0
5752,790,0,0
5753,790,0,0
5754,790,0,0
5755,790,0,0
5756,790,0,0
5757,790,0,0
5758,790,0,0
5759,790,0,0
5760,790,0,0
5761,790,0,0
5762,790,0,0
5763,790,0,0
5764,790,0,0
5765,790,0,0
5766,790,0,0
5767,790,0,0
5768,790,0,0
5769,790,0,0
5770,790,0,0
5771,790,0,0
5772,790,0,0
5773,790,0,0
5774,790,0,0
5775,790,0,0
5776,790,0,0
5777,790,0,0
5778,790,0,0
5779,790,0,0
5780,790,0,0
5781,790,0,0
5782,790,0,0
5783,790,0,0
5784,790,0,0
5785,790,0,0
5786,790,0,0
5787,790,0,0
5788,790,0,0
5789,790,0,0
5790,790,0,0
5791,790,0,0
5792,790,0,0
5793,790,0,0
5794,790,0,0
5795,790,0,0
5796,790,0,0
5797,790,0,0
5798,790,0,0
5799,790,0,0
5800,790,0,0
5801,790,0,0
5802,790,0,0
5803,790,0,0
5804,790,0,0
5805,790,0,0
5806,790,0,0
5807,790,0,0
5808,790,0,0
5809,790,0,0
5810,790,0,0
5811,790,0,0
5812,790,0,0
5813,790,0,0
5814,790,0,0
5815,790,0,0
5816,790,0,0
5817,790,0,0
5818,790,0,0
5819,790,0,0
5820,790,0,0
5821,790,0,0
5822,790,0,0
5823,790,0,0
5824,790,0,0
5825,790,0,0
5826,790,0,0
5827,790,0,0
5828,790,0,0
5829,790,0,0
5830,790,0,0
5831,790,0,0
5832,790,0,0
5833,790,0,0
5834,790,0,0
5835,790,0,0
5836,790,0,0
5837,790,0,0
5838,790,0,0
5839,790,0,0
5840,790,0,0
5841,790,0,0
5842,790,0,0
5843,790,0,0
5844,790,0,0
5845,790,0,0
5846,790,0,0
5847,790,0,0
5848,790,0,0
5849,790,0,0
5850,790,0,0
5851,790,0,0
5852,790,0,0
5853,790,0,0
5854,790,0,0
5855,790,0,0
5856,790,0,0
5857,790,0,0
5858,790,0,0
5859,790,0,0
5860,790,0,0
5861,790,0,0
5862,790,0,0
5863,790,0,0
5864,790,0,0
5865,790,0,0
5866,790,0,0
5867,790,0,0
5868,790,0,0
5869,790,0,0
5870,790,0,0
5871,790,0,0
5872,790,0,0
5873,790,0,0
5874,790,0,0
5875,790,0,0
5876,790,0,0
5877,790,0,0
5878,790,0,0
5879,790,0,0
5880,790,0,0
5881,790,0,0
5882,790,0,0
5883,790,0,0
5884,790,0,0
5885,790,0,0
5886,790,0,0
5887,790,0,0
5888,790,0,0
5889,790,0,0
5890,790,0,0
5891,790,0,0
5892,790,0,0
5893,790,0,0
5894,790,0,0
5895,790,0,0
5896,790,0,0
5897,790,0,0
5898,790,0,0
5899,790,0,0
5900,790,0,0
5901,790,0,0
5902,790,0,0
5903,790,0,0
5904,790,0,0
5905,790,0,0
5906,790,0,0
5907,790,0,0
5908,790,0,0
5909,790,0,0
5910,790,0,0
5911,790,0,0
5912,790,0,0
5913,790,0,0
5914,790,0,0
5915,790,0,0
5916,790,0,0
5917,790,0,0
5918,790,0,0
5919,790,0,0
5920,790,0,0
5921,790,0,0
5922,790,0,0
5923,790,0,0
5924,790,0,0
5925,790,0,0
5926,790,0,0
5927,790,0,0
5928,790,0,0
5929,790,0,0
5930,790,0,0
5931,790,0,0
5932,790,0,0
5933,790,0,0
5934,790,0,0
5935,790,0,0
5936,790,0,0
5937,790,0,0
5938,790,0,0
5939,790,0,0
5940,790,0,0
5941,790,0,0
5942,790,0,0
5943,790,0,0
5944,790,0,0
5945,790,0,0
5946,790,0,0
5947,790,0,0
5948,790,0,0
5949,790,0,0
5950,790,0,0
5951,790,0,0
5952,790,0,0
5953,790,0,0
5954,790,0,0
5955,790,0,0
5956,790,0,0
5957,790,0,0
5958,790,0,0
5959,790,0,0
5960,790,0,0
5961,790,0,0
5962,790,0,0
5963,790,0,0
5964,790,0,0
5965,790,0,0
5966,790,0,0
5967,790,0,0
5968,790,0,0
5969,790,0,0
5970,790,0,0
5971,790,0,0
5972,790,0,0
5973,790,0,0
5974,790,0,0
5975,790,0,0
5976,790,0,0
5977,790,0,0
5978,790,0,0
5979,790,0,0
5980,790,0,0
5981,790,0,0
5982,790,0,0
5983,790,0,0
5984,790,0,0
5985,790,0,0
5986,790,0,0
5987,790,0,0
5988,790,0,0
5989,790,0,0
5990,790,0,0
5991,790,0,0
5992,790,0,0
5993,790,0,0
5994,790,0,0
5995,790,0,0
5996,790,0,0
5997,790,0,0
5998,790,0,0
5999,790,0,0
6000,790,0,0
6001,790,0,0
6002,790,0,0
6003,790,0,0
6004,790,0,0
6005,790,0,0
6006,790,0,0
6007,790,0,0
6008,790,0,0
6009,790,0,0
6010,790,0,0
6011,790,0,0
6012,790,0,0
6013,790,0,0
6014,790,0,0
6015,790,0,0
6016,790,0,0
6017,790,0,0
6018,790,0,0
6019,790,0,0
6020,790,0,0
6021,790,0,0
6022,790,0,0
6023,790,0,0
6024,790,0,0
6025,790,0,0
6026,790,0,0
6027,790,0,0
6028,790,0,0
6029,790,0,0
6030,790,0,0
6031,790,0,0
6032,790,0,0
6033,790,0,0
6034,790,0,0
6035,790,0,0
6036,790,0,0
6037,790,0,0
6038,790,0,0
6039,790,0,0
6040,790,0,0
6041,790,0,0
6042,790,0,0
6043,790,0,0
6044,790,0,0
6045,790,0,0
6046,790,0,0
6047,790,0,0
6048,790,0,0
6049,790,0,0
6050,790,0,0
6051,790,0,0
6052,790,0,0
6053,790,0,0
6054,790,0,0
6055,790,0,0
6056,790,0,0
6057,790,0,0
6058,790,0,0
6059,790,0,0
6060,790,0,0
6061,790,0,0
6062,790,0,0
6063,790,0,0
6064,790,0,0
6065,790,0,0
6066,790,0,0
6067,790,0,0
6068,790,0,0
6069,790,0,0
6070,790,0,0
6071,790,0,0
6072,790,0,0
6073,790,0,0
6074,790,0,0
6075,790,0,0
6076,790,0,0
6077,790,0,0
6078,790,0,0
6079,790,0,0
6080,790,0,0
6081,790,0,0
6082,790,0,0
6083,790,0,0
6084,790,0,0
6085,790,0,0
6086,790,0,0
6087,790,0,0
6088,790,0,0
6089,790,0,0
6090,790,0,0
6091,790,0,0
6092,790,0,0
6093,790,0,0
6094,790,0,0
6095,790,0,0
6096,790,0,0
6097,790,0,0
6098,790,0,0
6099,790,0,0
6100,790,0,0
6101,790,0,0
6102,790,0,0
6103,790,0,0
6104,790,0,0
6105,790,0,0
6106,790,0,0
6107,790,0,0
6108,790,0,0
6109,790,0,0
6110,790,0,0
6111,790,0,0
6112,790,0,0
6113,790,0,0
6114,790,0,0
6115,790,0,0
6116,790,0,0
6117,790,0,0
6118,790,0,0
6119,790,0,0
6120,790,0,0
6121,790,0,0
6122,790,0,0
6123,790,0,0
6124,790,0,0
6125,790,0,0
6126,790,0,0
6127,790,0,0
6128,790,0,0
6129,790,0,0
6130,790,0,0
6131,790,0,0
6132,790,0,0
6133,790,0,0
6134,790,0,0
6135,790,0,0
6136,790,0,0
6137,790,0,0
6138,790,0,0
6139,790,0,0
6140,790,0,0
6141,790,0,0
6142,790,0,0
6143,790,0,0
6144,790,0,0
6145,790,0,0
6146,790,0,0
6147,790,0,0
6148,790,0,0
6149,790,0,0
6150,790,0,0
6151,790,0,0
6152,790,0,0
6153,790,0,0
6154,790,0,0
6155,790,0,0
6156,790,0,0
6157,790,0,0
6158,790,0,0
6159,790,0,0
6160,790,0,0
6161,790,0,0
6162,790,0,0
6163,790,0,0
6164,790,0,0
6165,790,0,0
6166,790,0,0
6167,790,0,0
6168,790,0,0
6169,790,0,0
6170,790,0,0
6171,790,0,0
6172,790,0,0
6173,790,0,0
6174,790,0,0
6175,790,0,0
6176,790,0,0
6177,790,0,0
6178,790,0,0
6179,790,0,0
6180,790,0,0
6181,790,0,0
6182,790,0,0
6183,790,0,0
6184,790,0,0
6185,790,0,0
6186,790,0,0
6187,790,0,0
6188,790,0,0
6189,790,0,0
6190,790,0,0
6191,790,0,0
6192,790,0,0
6193,790,0,0
6194,790,0,0
6195,790,0,0
6196,790,0,0
6197,790,0,0
6198,790,0,0
6199,790,0,0
6200,790,0,0
6201,790,0,0
6202,790,0,0
6203,790,0,0
6204,790,0,0
6205,790,0,0
6206,790,0,0
6207,790,0,0
6208,790,0,0
6209,790,0,0
6210,790,0,0
6211,790,0,0
6212,790,0,0
6213,790,0,0
6214,790,0,0
6215,790,0,0
6216,790,0,0
6217,790,0,0
6218,790,0,0
6219,790,0,0
6220,790,0,0
6221,790,0,0
6222,790,0,0
6223,790,0,0
6224,790,0,0
6225,790,0,0
6226,790,0,0
6227,790,0,0
6228,790,0,0
6229,790,0,0
6230,790,0,0
6231,790,0,0
6232,790,0,0
6233,790,0,0
6234,790,0,0
6235,790,0,0
6236,790,0,0
6237,790,0,0
6238,790,0,0
6239,790,0,0
6240,790,0,0
6241,790,0,0
6242,790,0,0
6243,790,0,0
6244,790,0,0
6245,790,0,0
6246,790,0,0
6247,790,0,0
6248,790,0,0
6249,790,0,0
6250,790,0,0
6251,790,0,0
6252,790,0,0
6253,790,0,0
6254,790,0,0
6255,790,0,0
6256,790,0,0
6257,790,0,0
6258,790,0,0
6259,790,0,0
6260,790,0,0
6261,790,0,0
6262,790,0,0
6263,790,0,0
6264,790,0,0
6265,790,0,0
6266,790,0,0
6267,790,0,0
6268,790,0,0
6269,790,0,0
6270,790,0,0
6271,790,0,0
6272,790,0,0
6273,790,0,0
6274,790,0,0
6275,790,0,0
6276,790,0,0
6277,790,0,0
6278,790,0,0
6279,790,0,0
6280,790,0,0
6281,790,0,0
6282,790,0,0
6283,790,0,0
6284,790,0,0
6285,790,0,0
6286,790,0,0
6287,790,0,0
6288,790,0,0
6289,790,0,0
6290,790,0,0
6291,790,0,0
6292,790,0,0
6293,790,0,0
6294,790,0,0
6295,790,0,0
6296,790,0,0
6297,790,0,0
6298,790,0,0
6299,790,0,0
6300,790,0,0
6301,790,0,0
6302,790,0,0
6303,790,0,0
6304,790,0,0
6305,790,0,0
6306,790,0,0
6307,790,0,0
6308,790,0,0
6309,790,0,0
6310,790,0,0
6311,790,0,0
6312,790,0,0
6313,790,0,0
6314,790,0,0
6315,790,0,0
6316,790,0,0
6317,790,0,0
6318,790,0,0
6319,790,0,0
6320,790,0,0
6321,790,0,0
6322,790,0,0
6323,790,0,0
6324,790,0,0
6325,790,0,0
6326,790,0,0
6327,790,0,0
6328,790,0,0
6329,790,0,0
6330,790,0,0
6331,790,0,0
6332,790,0,0
6333,790,0,0
6334,790,0,0
6335,790,0,0
6336,790,0,0
6337,790,0,0
6338,790,0,0
6339,790,0,0
6340,790,0,0
6341,790,0,0
6342,790,0,0
6343,790,0,0
6344,790,0,0
6345,790,0,0
6346,790,0,0
6347,790,0,0
6348,790,0,0
6349,790,0,0
6350,790,0,0
6351,790,0,0
6352,790,0,0
6353,790,0,0
6354,790,0,0
6355,790,0,0
6356,790,0,0
6357,790,0,0
6358,790,0,0
6359,790,0,0
6360,790,0,0
6361,790,0,0
6362,790,0,0
6363,790,0,0
6364,790,0,0
6365,790,0,0
6366,790,0,0
6367,790,0,0
6368,790,0,0
6369,790,0,0
6370,790,0,0
6371,790,0,0
6372,790,0,0
6373,790,0,0
6374,790,0,0
6375,790,0,0
6376,790,0,0
6377,790,0,0
6378,790,0,0
6379,790,0,0
6380,790,0,0
6381,790,0,0
6382,790,0,0
6383,790,0,0
6384,790,0,0
6385,790,0,0
6386,790,0,0
6387,790,0,0
6388,790,0,0
6389,790,0,0
6390,790,0,0
6391,790,0,0
6392,790,0,0
6393,790,0,0
6394,790,0,0
6395,790,0,0
6396,790,0,0
6397,790,0,0
6398,790,0,0
6399,790,0,0
6400,790,0,0
6401,790,0,0
6402,790,0,0
6403,790,0,0
6404,790,0,0
6405,790,0,0
6406,790,0,0
6407,790,0,0
6408,790,0,0
6409,790,0,0
6410,790,0,0
6411,790,0,0
6412,790,0,0
6413,790,0,0
6414,790,0,0
6415,790,0,0
6416,790,0,0
6417,790,0,0
6418,790,0,0
6419,790,0,0
6420,790,0,0
6421,790,0,0
6422,790,0,0
6423,790,0,0
6424,790,0,0
6425,790,0,0
6426,790,0,0
6427,790,0,0
6428,790,0,0
6429,790,0,0
6430,790,0,0
6431,790,0,0
6432,790,0,0
6433,790,0,0
6434,790,0,0
6435,790,0,0
6436,790,0,0
6437,790,0,0
6438,790,0,0
6439,790,0,0
6440,790,0,0
6441,790,0,0
6442,790,0,0
6443,790,0,0
6444,790,0,0
6445,790,0,0
6446,790,0,0
6447,790,0,0
6448,790,0,0
6449,790,0,0
6450,790,0,0
6451,790,0,0
6452,790,0,0
6453,790,0,0
6454,790,0,0
6455,790,0,0
6456,790,0,0
6457,790,0,0
6458,790,0,0
6459,790,0,0
6460,790,0,0
6461,790,0,0
6462,790,0,0
6463,790,0,0
6464,790,0,0
6465,790,0,0
6466,790,0,0
6467,790,0,0
6468,790,0,0
6469,790,0,0
6470,790,0,0
6471,790,0,0
6472,790,0,0
6473,790,0,0
6474,790,0,0
6475,790,0,0
6476,790,0,0
6477,790,0,0
6478,790,0,0
6479,790,0,0
6480,790,0,0
6481,790,0,0
6482,790,0,0
6483,790,0,0
6484,790,0,0
6485,790,0,0
6486,790,0,0
6487,790,0,0
6488,790,0,0
6489,790,0,0
6490,790,0,0
6491,790,0,0
6492,790,0,0
6493,790,0,0
6494,790,0,0
6495,790,0,0
6496,790,0,0
6497,790,0,0
6498,790,0,0
6499,790,0,0
6500,790,0,0
6501,790,0,0
6502,790,0,0
6503,790,0,0
6504,790,0,0
6505,790,0,0
6506,790,0,0
6507,790,0,0
6508,790,0,0
6509,790,0,0
6510,790,0,0
6511,790,0,0
6512,790,0,0
6513,790,0,0
6514,790,0,0
6515,790,0,0
6516,790,0,0
6517,790,0,0
6518,790,0,0
6519,790,0,0
6520,790,0,0
6521,790,0,0
6522,790,0,0
6523,790,0,0
6524,790,0,0
6525,790,0,0
6526,790,0,0
6527,790,0,0
6528,790,0,0
6529,790,0,0
6530,790,0,0
6531,790,0,0
6532,790,0,0
6533,790,0,0
6534,790,0,0
6535,790,0,0
6536,790,0,0
6537,790,0,0
6538,790,0,0
6539,790,0,0
6540,790,0,0
6541,790,0,0
6542,790,0,0
6543,790,0,0
6544,790,0,0
6545,790,0,0
6546,790,0,0
6547,790,0,0
6548,790,0,0
6549,790,0,0
6550,790,0,0
6551,790,0,0
6552,790,0,0
6553,790,0,0
6554,790,0,0
6555,790,0,0
6556,790,0,0
6557,790,0,0
6558,790,0,0
6559,790,0,0
6560,790,0,0
6561,790,0,0
6562,790,0,0
6563,790,0,0
6564,790,0,0
6565,790,0,0
6566,790,0,0
6567,790,0,0
6568,790,0,0
6569,790,0,0
6570,790,0,0
6571,790,0,0
6572,790,0,0
6573,790,0,0
6574,790,0,0
6575,790,0,0
6576,790,0,0
6577,790,0,0
6578,790,0,0
6579,790,0,0
6580,790,0,0
6581,790,0,0
6582,790,0,0
6583,790,0,0
6584,790,0,0
6585,790,0,0
6586,790,0,0
6587,790,0,0
6588,790,0,0
6589,790,0,0
6590,790,0,0
6591,790,0,0
6592,790,0,0
6593,790,0,0
6594,790,0,0
6595,790,0,0
6596,790,0,0
6597,790,0,0
6598,790,0,0
6599,790,0,0
